1.714800000000000000e+04,-3.874200000000000000e+04,3.732000000000000000e+04,2.793400000000000000e+04,-3.292000000000000000e+04,-1.146400000000000000e+04,-4.974600000000000000e+04,4.372000000000000000e+03,-1.726000000000000000e+04,-5.045600000000000000e+04,3.294000000000000000e+04,5.709000000000000000e+04,-2.225600000000000000e+04,-1.358400000000000000e+04,-3.178800000000000000e+04,-6.300000000000000000e+04,1.173140000000000000e+05,-2.424600000000000000e+04,-3.293000000000000000e+04,1.397000000000000000e+04,-8.365400000000000000e+04,6.232000000000000000e+03,7.999000000000000000e+04,1.554200000000000000e+04,2.686400000000000000e+04,1.011600000000000000e+04,-3.798400000000000000e+04,-1.676000000000000000e+04,1.995200000000000000e+04,1.531400000000000000e+04,1.551000000000000000e+04,-1.283200000000000000e+04,2.543200000000000000e+04,2.330000000000000000e+04,-7.480000000000000000e+03,1.345400000000000000e+04,-2.605400000000000000e+04,-1.545000000000000000e+04,1.312400000000000000e+04,2.169000000000000000e+04,5.440000000000000000e+02,-1.630600000000000000e+04,1.162000000000000000e+03,5.572800000000000000e+04,1.320000000000000000e+04,1.675400000000000000e+04,-2.622000000000000000e+03,-2.777400000000000000e+04,-4.518800000000000000e+04,5.860400000000000000e+04,9.948000000000000000e+03,-3.334600000000000000e+04,-2.425400000000000000e+04,1.224520000000000000e+05,-2.194800000000000000e+04,2.687400000000000000e+04,-7.912000000000000000e+03,-5.457800000000000000e+04,-2.734000000000000000e+04,4.172000000000000000e+04,-1.900200000000000000e+04,-1.377600000000000000e+04,1.464800000000000000e+04,-3.548400000000000000e+04,1.855800000000000000e+04,5.884800000000000000e+04,-5.602000000000000000e+03,-1.515600000000000000e+04,-3.926600000000000000e+04,-5.517600000000000000e+04,4.909000000000000000e+04,-5.285800000000000000e+04,4.596600000000000000e+04,6.102000000000000000e+04,9.341200000000000000e+04,1.682800000000000000e+04,7.392400000000000000e+04,7.362000000000000000e+03,3.779800000000000000e+04,4.126000000000000000e+03,-4.780000000000000000e+04,6.078400000000000000e+04,1.211800000000000000e+04,2.420000000000000000e+02,-1.456800000000000000e+04,-9.250000000000000000e+03,-2.125600000000000000e+04,2.824200000000000000e+04,-2.344800000000000000e+04,1.494800000000000000e+04,2.634400000000000000e+04,1.147600000000000000e+04,2.863200000000000000e+04,-3.030000000000000000e+03,-7.455000000000000000e+04,-9.292200000000000000e+04,3.871400000000000000e+04,6.218000000000000000e+03,-4.372000000000000000e+03,5.864000000000000000e+04,-1.272600000000000000e+04,6.237200000000000000e+04,-3.239000000000000000e+04,-2.980400000000000000e+04,-3.594000000000000000e+04,1.887400000000000000e+04,-2.411000000000000000e+04,-5.635800000000000000e+04,-1.321200000000000000e+04,4.208600000000000000e+04,5.326200000000000000e+04,-1.182200000000000000e+04,2.388000000000000000e+04,2.063600000000000000e+04,9.622800000000000000e+04,-2.832600000000000000e+04,-4.701200000000000000e+04,7.193000000000000000e+04,-3.625800000000000000e+04,-1.274000000000000000e+04,-2.014200000000000000e+04,3.052200000000000000e+04,4.087000000000000000e+04,-5.900000000000000000e+04,7.216000000000000000e+03,5.440000000000000000e+02,4.512800000000000000e+04,-9.324000000000000000e+03,-6.848600000000000000e+04,2.491200000000000000e+04,2.340400000000000000e+04,-3.246600000000000000e+04,5.140000000000000000e+03,3.758200000000000000e+04,-2.258200000000000000e+04,-2.853000000000000000e+04,-4.050200000000000000e+04,-4.927800000000000000e+04,5.053600000000000000e+04,4.400600000000000000e+04,6.193000000000000000e+04,-4.037600000000000000e+04,1.729600000000000000e+04,-1.808800000000000000e+04,3.293400000000000000e+04,8.024000000000000000e+04,-6.146600000000000000e+04,-3.120000000000000000e+02,-1.253400000000000000e+04,-1.173800000000000000e+04,3.987000000000000000e+04,2.466000000000000000e+03,-1.253800000000000000e+04,-1.200400000000000000e+04,-8.844000000000000000e+03,4.791400000000000000e+04,-1.295600000000000000e+04,-2.618000000000000000e+03,1.132000000000000000e+04,4.411200000000000000e+04,5.593200000000000000e+04,-1.170000000000000000e+03,1.402800000000000000e+04,-1.001200000000000000e+04,-3.125600000000000000e+04,-5.567400000000000000e+04,2.412600000000000000e+04,7.716000000000000000e+04,1.665600000000000000e+04,-5.518000000000000000e+04,-4.558000000000000000e+03,5.719600000000000000e+04,-9.624000000000000000e+03,-1.376000000000000000e+04,3.569800000000000000e+04,4.203600000000000000e+04,5.680800000000000000e+04,8.528000000000000000e+04,4.578400000000000000e+04,5.394000000000000000e+04,2.345200000000000000e+04,2.200000000000000000e+03,3.274000000000000000e+03,3.581400000000000000e+04,5.782000000000000000e+03,-9.360000000000000000e+02,-8.040000000000000000e+03,5.204000000000000000e+03,3.097200000000000000e+04,-1.065820000000000000e+05,2.492400000000000000e+04,-3.820000000000000000e+03,2.488600000000000000e+04,-2.147400000000000000e+04,-1.233400000000000000e+04,-3.287400000000000000e+04,-1.338400000000000000e+04,6.854000000000000000e+03,-2.666400000000000000e+04,2.920000000000000000e+02,5.200000000000000000e+03,5.811000000000000000e+04,7.181400000000000000e+04,-5.123200000000000000e+04,2.925200000000000000e+04,9.085200000000000000e+04,-9.351200000000000000e+04,-5.459600000000000000e+04,1.197400000000000000e+04,-1.208600000000000000e+04,9.776000000000000000e+03,1.001560000000000000e+05,3.680200000000000000e+04,5.211000000000000000e+04,-6.766400000000000000e+04,4.365400000000000000e+04,5.183200000000000000e+04,5.760800000000000000e+04,5.583600000000000000e+04,8.948000000000000000e+03,-2.531600000000000000e+04,3.842600000000000000e+04,-1.188800000000000000e+04,1.144000000000000000e+03,2.251800000000000000e+04,-1.054400000000000000e+04,-3.040000000000000000e+02,2.108400000000000000e+04,2.402000000000000000e+03,-4.789200000000000000e+04,3.246200000000000000e+04,-2.677600000000000000e+04,-2.103600000000000000e+04,-4.089000000000000000e+04,4.801200000000000000e+04,7.142000000000000000e+03,2.496600000000000000e+04,9.718000000000000000e+03,3.073000000000000000e+04,-2.735600000000000000e+04,-1.469800000000000000e+04,1.242000000000000000e+03,-3.897800000000000000e+04,1.233000000000000000e+04,-1.542600000000000000e+04,2.264200000000000000e+04,5.894400000000000000e+04,9.424000000000000000e+03,-1.115800000000000000e+04,3.919000000000000000e+04,7.951400000000000000e+04,3.412800000000000000e+04,6.990000000000000000e+03,6.540000000000000000e+03,-1.469400000000000000e+04,-1.409200000000000000e+04,-1.385200000000000000e+04,-3.044000000000000000e+04,-2.497200000000000000e+04,2.045600000000000000e+04,2.353600000000000000e+04,-1.020000000000000000e+03,4.916600000000000000e+04,7.736000000000000000e+03,4.235400000000000000e+04,-7.412000000000000000e+03,-1.205400000000000000e+04,-1.167400000000000000e+04,1.027800000000000000e+04,-5.126000000000000000e+03,2.184000000000000000e+04,2.779200000000000000e+04,-1.138400000000000000e+04,-8.915800000000000000e+04,5.838800000000000000e+04,-3.553000000000000000e+04,-4.495000000000000000e+04,-1.148000000000000000e+04,3.526000000000000000e+04,7.935800000000000000e+04,-1.938000000000000000e+03,2.733800000000000000e+04,2.049000000000000000e+04,1.417600000000000000e+04,1.772000000000000000e+04,6.350200000000000000e+04,7.147200000000000000e+04,7.046000000000000000e+03,-2.847600000000000000e+04,-2.428400000000000000e+04,-2.516200000000000000e+04,-1.141400000000000000e+04,3.222600000000000000e+04,-6.308000000000000000e+03,-2.210200000000000000e+04,-6.024000000000000000e+03,2.112200000000000000e+04,-2.321600000000000000e+04,-2.777400000000000000e+04,8.640000000000000000e+03,-7.428000000000000000e+03,3.588600000000000000e+04,-7.964800000000000000e+04,6.549800000000000000e+04,5.458600000000000000e+04,3.156800000000000000e+04,2.358000000000000000e+04,-5.483400000000000000e+04,-1.778800000000000000e+04,-7.342000000000000000e+03,8.734000000000000000e+04,-3.857800000000000000e+04,1.068560000000000000e+05,-4.627000000000000000e+04,-1.321720000000000000e+05,-5.406600000000000000e+04,2.588000000000000000e+03,8.087600000000000000e+04,-5.472000000000000000e+03,-9.686000000000000000e+03,-2.278800000000000000e+04,-1.609600000000000000e+04,-3.386000000000000000e+03,-5.560000000000000000e+03,1.735200000000000000e+04,-3.615800000000000000e+04,-1.960200000000000000e+04,7.872000000000000000e+03,2.195200000000000000e+04,-2.447000000000000000e+04,6.406000000000000000e+03,3.114200000000000000e+04,-2.565600000000000000e+04,-7.162600000000000000e+04,-1.121200000000000000e+04,2.592200000000000000e+04,3.423200000000000000e+04,-2.558000000000000000e+04,-6.811000000000000000e+04,2.243200000000000000e+04,-2.047600000000000000e+04,-1.678200000000000000e+04,-4.745000000000000000e+04,-2.237000000000000000e+04,-3.324200000000000000e+04,5.369000000000000000e+04,-1.608000000000000000e+03,-1.365200000000000000e+04,2.670200000000000000e+04,1.254200000000000000e+04,1.800000000000000000e+04,-1.629000000000000000e+04,-5.396400000000000000e+04,-2.610400000000000000e+04,-2.533400000000000000e+04,8.806000000000000000e+03,1.381800000000000000e+04,1.004000000000000000e+03,-2.106600000000000000e+04,-5.920000000000000000e+02,-2.399800000000000000e+04,2.250600000000000000e+04,2.924600000000000000e+04,3.677000000000000000e+04,1.335400000000000000e+04,8.734000000000000000e+03,5.204000000000000000e+04,-7.632800000000000000e+04,2.017400000000000000e+04,-2.727000000000000000e+04,-1.415600000000000000e+04,-1.362200000000000000e+04,1.026000000000000000e+03,-4.990200000000000000e+04,4.470600000000000000e+04,-1.864400000000000000e+04,6.454000000000000000e+03,-2.031000000000000000e+04,2.437200000000000000e+04,-8.962000000000000000e+03,-2.811000000000000000e+04,3.037200000000000000e+04,1.070600000000000000e+04,2.312600000000000000e+04,-1.164000000000000000e+04,1.308000000000000000e+03,-5.987400000000000000e+04,1.918400000000000000e+04,3.169600000000000000e+04,4.643400000000000000e+04,8.181600000000000000e+04,-1.494600000000000000e+04,-1.885000000000000000e+04,3.115800000000000000e+04,-5.544800000000000000e+04,-4.580800000000000000e+04,2.901800000000000000e+04,-3.189000000000000000e+04,-1.254800000000000000e+04,-1.341400000000000000e+04,3.804000000000000000e+04,3.731000000000000000e+04,-1.518600000000000000e+04,-1.107600000000000000e+04,1.961800000000000000e+04,-7.788000000000000000e+03,2.629400000000000000e+04,1.172800000000000000e+04,-1.063460000000000000e+05,1.544800000000000000e+04,-5.274800000000000000e+04,5.438000000000000000e+03,-1.350800000000000000e+04,3.002600000000000000e+04,1.578000000000000000e+03,-2.491400000000000000e+04,-5.223400000000000000e+04,9.036000000000000000e+03,9.521000000000000000e+04,1.036480000000000000e+05,-5.574800000000000000e+04,3.081400000000000000e+04,2.681800000000000000e+04,-1.766800000000000000e+04,-2.435200000000000000e+04,-3.036000000000000000e+03,-7.110400000000000000e+04,7.932000000000000000e+03,2.683200000000000000e+04,-3.710000000000000000e+03,7.826600000000000000e+04,-3.426600000000000000e+04,7.017000000000000000e+04,-1.712200000000000000e+04,4.692000000000000000e+04,1.494400000000000000e+04,-6.388000000000000000e+03,2.569600000000000000e+04,1.177400000000000000e+04,2.831200000000000000e+04,2.383800000000000000e+04,1.181200000000000000e+04,-2.210600000000000000e+04,-5.656000000000000000e+03,2.385800000000000000e+04,1.702000000000000000e+03,-1.758400000000000000e+04,-3.580600000000000000e+04,-6.129800000000000000e+04,1.362600000000000000e+04,2.109200000000000000e+04,1.556200000000000000e+04,3.595400000000000000e+04,3.990400000000000000e+04,2.832000000000000000e+03,-4.320200000000000000e+04,1.520000000000000000e+02,1.699800000000000000e+04,1.641400000000000000e+04,-2.502000000000000000e+04,3.192200000000000000e+04,4.523800000000000000e+04,4.014400000000000000e+04,4.578200000000000000e+04,1.035000000000000000e+04,-1.172000000000000000e+04,1.011800000000000000e+04,-2.634000000000000000e+03,-7.420800000000000000e+04,4.166000000000000000e+03,1.174400000000000000e+04,-2.308600000000000000e+04,-6.753600000000000000e+04,-7.032000000000000000e+03,-7.157600000000000000e+04,3.133000000000000000e+04,2.628200000000000000e+04,-9.944200000000000000e+04,-7.180600000000000000e+04,7.357200000000000000e+04,-5.544000000000000000e+04,-7.843200000000000000e+04,1.062800000000000000e+04,2.932600000000000000e+04,3.528600000000000000e+04,1.355800000000000000e+04,1.222200000000000000e+04,1.682400000000000000e+04,-1.202600000000000000e+04,-1.258800000000000000e+04,4.281600000000000000e+04,-4.382400000000000000e+04,-1.440000000000000000e+02,-8.060000000000000000e+04,-1.923800000000000000e+04,1.100200000000000000e+04,-1.810600000000000000e+04,-4.936000000000000000e+03,3.944800000000000000e+04,-1.112000000000000000e+03,-6.303200000000000000e+04,-3.022600000000000000e+04,3.945800000000000000e+04,3.011400000000000000e+04,3.165400000000000000e+04,-3.014000000000000000e+03,-2.983400000000000000e+04,4.068200000000000000e+04,-5.345400000000000000e+04,-1.336000000000000000e+03,-1.326400000000000000e+04,1.907200000000000000e+04,-3.294000000000000000e+04,-1.352400000000000000e+04,-2.674800000000000000e+04,2.259800000000000000e+04,-4.484000000000000000e+03,4.824400000000000000e+04,-7.199400000000000000e+04,-2.641600000000000000e+04,8.917200000000000000e+04,-5.430800000000000000e+04,-6.526800000000000000e+04,6.864000000000000000e+03,1.397180000000000000e+05,-1.517700000000000000e+05,-1.622600000000000000e+04,-2.285800000000000000e+04,1.134200000000000000e+04,-1.208200000000000000e+04,-1.076000000000000000e+04,2.240000000000000000e+04,-3.235800000000000000e+04,-3.989800000000000000e+04,4.262400000000000000e+04,-1.974000000000000000e+03,7.836000000000000000e+03,4.663800000000000000e+04,-1.224260000000000000e+05,-8.486800000000000000e+04,4.410200000000000000e+04,-4.363400000000000000e+04,1.953200000000000000e+04,5.367200000000000000e+04,-4.528000000000000000e+04,2.400000000000000000e+02,-1.328600000000000000e+04,5.000600000000000000e+04,-3.180400000000000000e+04,1.380000000000000000e+02,-7.486600000000000000e+04,7.794000000000000000e+03,-5.318600000000000000e+04,-5.302000000000000000e+03,-1.893800000000000000e+04,2.126000000000000000e+04,-4.288000000000000000e+03,-1.960000000000000000e+03,2.582400000000000000e+04,-2.411600000000000000e+04,7.492000000000000000e+03,-5.602600000000000000e+04,-1.648200000000000000e+04,-4.318800000000000000e+04,-7.922000000000000000e+03,3.816000000000000000e+04,6.726200000000000000e+04,6.133800000000000000e+04,7.297800000000000000e+04,-2.292400000000000000e+04,8.320000000000000000e+03,-5.186000000000000000e+03,-1.900000000000000000e+04,-4.643200000000000000e+04,-5.622000000000000000e+03,3.122200000000000000e+04,-9.964000000000000000e+03,3.266000000000000000e+03,-2.875800000000000000e+04,-4.388000000000000000e+04,-6.371400000000000000e+04,1.905600000000000000e+04,-7.642000000000000000e+03,5.176600000000000000e+04,5.983200000000000000e+04,6.616800000000000000e+04,-1.257000000000000000e+05,4.498200000000000000e+04,-2.191400000000000000e+04,-2.925200000000000000e+04,8.598000000000000000e+03,7.586000000000000000e+03,-2.642000000000000000e+03,1.226600000000000000e+04,1.752000000000000000e+04,1.110800000000000000e+04,-2.251400000000000000e+04,-5.476000000000000000e+04,2.485800000000000000e+04,2.792200000000000000e+04,-1.064400000000000000e+04,2.240000000000000000e+02,3.836000000000000000e+04,-2.581600000000000000e+04,9.540000000000000000e+02,-1.851600000000000000e+04,-1.622400000000000000e+04,2.256600000000000000e+04,3.030600000000000000e+04,2.257600000000000000e+04,-9.808000000000000000e+03,-9.349400000000000000e+04,5.273800000000000000e+04,-2.034600000000000000e+04,-3.441800000000000000e+04,1.978000000000000000e+03,3.867000000000000000e+04,-1.058200000000000000e+04,-2.067600000000000000e+04,7.670000000000000000e+03,-1.911400000000000000e+04,3.899200000000000000e+04,2.900000000000000000e+03,4.322600000000000000e+04,-9.290000000000000000e+03,2.757400000000000000e+04,-3.978400000000000000e+04,-2.666800000000000000e+04,3.715400000000000000e+04,-1.802400000000000000e+04,9.240600000000000000e+04,-7.736000000000000000e+04,3.138200000000000000e+04,-3.672000000000000000e+03,9.802000000000000000e+03,-7.791600000000000000e+04,-2.069800000000000000e+04,-9.207800000000000000e+04,-2.475800000000000000e+04,-3.277200000000000000e+04,-1.509000000000000000e+04,-2.993400000000000000e+04,-2.282000000000000000e+03,4.651000000000000000e+04,7.941000000000000000e+04,3.109000000000000000e+04,5.879800000000000000e+04,3.925200000000000000e+04,-5.146200000000000000e+04,-4.898600000000000000e+04,3.757800000000000000e+04,1.005000000000000000e+04,5.578000000000000000e+03,-3.037000000000000000e+04,-2.547600000000000000e+04,-2.533600000000000000e+04,6.673400000000000000e+04,-3.338200000000000000e+04,-2.696000000000000000e+03,-1.490000000000000000e+03,-2.320000000000000000e+02,1.882800000000000000e+04,-3.766200000000000000e+04,-2.354600000000000000e+04,-2.308400000000000000e+04,-1.589000000000000000e+04,2.524600000000000000e+04,6.540200000000000000e+04,-4.488800000000000000e+04,-6.178000000000000000e+03,-1.340400000000000000e+04,-2.475800000000000000e+04,7.342000000000000000e+03,1.266200000000000000e+04,9.130400000000000000e+04,3.232600000000000000e+04,-1.540400000000000000e+04,-4.573800000000000000e+04,1.959400000000000000e+05,5.059600000000000000e+04,-2.820000000000000000e+03,4.816800000000000000e+04,1.593000000000000000e+04,-1.421400000000000000e+04,-2.419400000000000000e+04,-2.105600000000000000e+04,-7.334000000000000000e+03,-1.080400000000000000e+04,-8.526000000000000000e+03,-1.162200000000000000e+04,1.595400000000000000e+04,-8.372000000000000000e+03,-6.198600000000000000e+04,1.792400000000000000e+04,-1.464200000000000000e+04,8.706000000000000000e+03,4.440000000000000000e+03,1.984400000000000000e+04,4.781200000000000000e+04,-6.098400000000000000e+04,1.112400000000000000e+04,-1.820000000000000000e+03,9.871600000000000000e+04,5.545600000000000000e+04,3.240600000000000000e+04,2.289800000000000000e+04,1.358000000000000000e+03,-2.712400000000000000e+04,1.265200000000000000e+04,2.428200000000000000e+04,2.596000000000000000e+04,3.396200000000000000e+04,1.771000000000000000e+04,-2.492000000000000000e+03,3.880000000000000000e+03,2.532800000000000000e+04,-1.374940000000000000e+05,5.063800000000000000e+04,1.409000000000000000e+04,-1.359600000000000000e+04,-6.545000000000000000e+04,7.104400000000000000e+04,-7.362600000000000000e+04,2.260200000000000000e+04,-3.913200000000000000e+04,2.363800000000000000e+04,-2.028000000000000000e+04,5.200000000000000000e+02,1.696800000000000000e+04,-3.581400000000000000e+04,-1.931000000000000000e+04,3.879000000000000000e+04,-1.442400000000000000e+04,-2.415000000000000000e+04,7.289400000000000000e+04,1.183600000000000000e+04,5.849000000000000000e+04,-3.462800000000000000e+04,2.474000000000000000e+03,7.246600000000000000e+04,1.224800000000000000e+04,9.620000000000000000e+02,-3.258000000000000000e+03,2.665200000000000000e+04,-3.406600000000000000e+04,5.823000000000000000e+04,1.332600000000000000e+04,5.220600000000000000e+04,-5.005000000000000000e+04,1.520000000000000000e+03,-1.623600000000000000e+04,-2.360400000000000000e+04,-2.460000000000000000e+02,-1.095800000000000000e+04,-4.020000000000000000e+04,1.357000000000000000e+04,6.326000000000000000e+03,5.976000000000000000e+03,2.409600000000000000e+04,2.728000000000000000e+04,4.900600000000000000e+04,-1.314000000000000000e+04,2.184800000000000000e+04,-2.349800000000000000e+04,-5.844200000000000000e+04,1.585200000000000000e+04,6.234000000000000000e+03,-6.670000000000000000e+03,4.566200000000000000e+04,1.198600000000000000e+04,-3.682000000000000000e+04,6.242000000000000000e+03,5.500000000000000000e+03,1.332200000000000000e+04,3.361600000000000000e+04,1.617400000000000000e+04,-1.800600000000000000e+04,1.985000000000000000e+04,4.840000000000000000e+03,-3.214800000000000000e+04,3.912400000000000000e+04,1.695000000000000000e+04,4.788000000000000000e+04,-5.347800000000000000e+04,4.619600000000000000e+04,8.885000000000000000e+04,6.232600000000000000e+04,-2.685800000000000000e+04,3.522400000000000000e+04,1.501000000000000000e+04,-2.905200000000000000e+04,-1.870800000000000000e+04,-6.840600000000000000e+04,-7.694400000000000000e+04,2.068000000000000000e+04,-1.750000000000000000e+04,-2.277200000000000000e+04,-1.185400000000000000e+04,2.783000000000000000e+04,-4.249200000000000000e+04,-3.042600000000000000e+04,2.380000000000000000e+02,2.654600000000000000e+04,-3.232400000000000000e+04,-4.015800000000000000e+04,-2.974200000000000000e+04,2.177400000000000000e+04,-3.126000000000000000e+03,-6.686800000000000000e+04,-2.586200000000000000e+04,-3.070800000000000000e+04,1.983800000000000000e+04,2.252600000000000000e+04,-3.074600000000000000e+04,-3.315200000000000000e+04,3.294400000000000000e+04,1.310400000000000000e+04,5.206800000000000000e+04,-1.659400000000000000e+04,-4.354000000000000000e+03,1.820800000000000000e+04,-9.056000000000000000e+03,7.484000000000000000e+03,-3.193200000000000000e+04,2.413400000000000000e+04,-5.989400000000000000e+04,4.838600000000000000e+04,2.192200000000000000e+04,1.582400000000000000e+04,3.455400000000000000e+04,-1.366000000000000000e+03,-3.723400000000000000e+04,-4.903800000000000000e+04,1.320800000000000000e+04,7.957200000000000000e+04,1.749400000000000000e+04,6.083000000000000000e+04,-2.487200000000000000e+04,-3.525400000000000000e+04,-6.467800000000000000e+04,4.529200000000000000e+04,-1.198400000000000000e+04,-7.480400000000000000e+04,3.194800000000000000e+04,-4.153200000000000000e+04,7.938000000000000000e+03,6.157000000000000000e+04,4.273800000000000000e+04,7.334000000000000000e+03,-8.300000000000000000e+03,3.344800000000000000e+04,-2.355200000000000000e+04,-4.422800000000000000e+04,-1.223000000000000000e+04,-1.778800000000000000e+04,1.782000000000000000e+03,-4.236800000000000000e+04,-7.168400000000000000e+04,-5.410400000000000000e+04,-3.070800000000000000e+04,6.105200000000000000e+04,-7.218400000000000000e+04,5.809600000000000000e+04,2.764400000000000000e+04,8.798000000000000000e+03,-1.481800000000000000e+04,3.150000000000000000e+03,-5.367000000000000000e+04,-1.520000000000000000e+03,2.907000000000000000e+04,-3.942200000000000000e+04,2.671000000000000000e+04,-3.198000000000000000e+03,-6.031200000000000000e+04,3.120200000000000000e+04,-3.445800000000000000e+04,4.581200000000000000e+04,4.770400000000000000e+04,-2.798000000000000000e+04,1.772800000000000000e+04,2.037000000000000000e+04,-2.144800000000000000e+04,-3.658000000000000000e+03,-1.230200000000000000e+04,-1.050000000000000000e+04,1.468600000000000000e+04,-1.953800000000000000e+04,8.940000000000000000e+02,3.353400000000000000e+04,2.720600000000000000e+04,7.735200000000000000e+04,5.510600000000000000e+04,3.002200000000000000e+04,-4.513400000000000000e+04,4.512000000000000000e+04,3.758600000000000000e+04,-1.296600000000000000e+04,9.246000000000000000e+03,9.218000000000000000e+03,-4.486000000000000000e+03,3.230400000000000000e+04,-2.123400000000000000e+04,5.691600000000000000e+04,2.836400000000000000e+04,-3.966000000000000000e+03,-1.351000000000000000e+04,6.856600000000000000e+04,-4.581800000000000000e+04,-2.515400000000000000e+04,8.288000000000000000e+03,-2.072000000000000000e+04,-4.822000000000000000e+04,1.269800000000000000e+04,-3.876000000000000000e+03,4.953200000000000000e+04,-2.447200000000000000e+04,1.293400000000000000e+04,8.270800000000000000e+04,5.105400000000000000e+04,7.669200000000000000e+04,-3.426600000000000000e+04,-3.106200000000000000e+04,4.130800000000000000e+04,3.282600000000000000e+04,-1.652600000000000000e+04,-4.483600000000000000e+04,1.900000000000000000e+03,2.446200000000000000e+04,1.164600000000000000e+04,3.200000000000000000e+03,-2.481800000000000000e+04,-2.144800000000000000e+04,-1.300000000000000000e+02,5.878800000000000000e+04,4.806200000000000000e+04,-6.656400000000000000e+04,1.657400000000000000e+04,9.724000000000000000e+03,-2.906800000000000000e+04,-5.041200000000000000e+04,3.376600000000000000e+04,2.641600000000000000e+04,4.225400000000000000e+04,4.118400000000000000e+04,-2.488000000000000000e+03,1.465200000000000000e+04,-7.948000000000000000e+03,-6.873600000000000000e+04,-2.706400000000000000e+04,5.608000000000000000e+04,3.139800000000000000e+04,-3.256400000000000000e+04,1.600000000000000000e+02,-1.317000000000000000e+04,7.818000000000000000e+03,1.689800000000000000e+04,-3.352000000000000000e+04,4.711200000000000000e+04,1.104400000000000000e+04,3.444800000000000000e+04,-3.893800000000000000e+04,4.172400000000000000e+04,1.289400000000000000e+04,3.283400000000000000e+04,-2.472200000000000000e+04,-2.674000000000000000e+03,2.234000000000000000e+03,-2.708000000000000000e+03,5.691600000000000000e+04,-6.002000000000000000e+03,2.067200000000000000e+04,2.702600000000000000e+04,3.224000000000000000e+03,-1.060600000000000000e+04,2.133600000000000000e+04,-3.653200000000000000e+04,8.553200000000000000e+04,4.824600000000000000e+04,8.486000000000000000e+03,-1.306200000000000000e+04,-1.713600000000000000e+04,1.065000000000000000e+04,7.032000000000000000e+03,-6.386000000000000000e+03,1.830400000000000000e+04,2.469200000000000000e+04,1.966600000000000000e+04,3.771200000000000000e+04,-2.562000000000000000e+03,-1.116600000000000000e+04,4.378000000000000000e+03,7.555400000000000000e+04,-1.393000000000000000e+04,4.319600000000000000e+04,-8.920000000000000000e+03,-7.740000000000000000e+02,-6.429200000000000000e+04,-3.214200000000000000e+04,1.541800000000000000e+04,-1.200000000000000000e+02,1.002200000000000000e+04,-3.019000000000000000e+04,1.635200000000000000e+04,1.978200000000000000e+04,-5.648000000000000000e+04,1.210400000000000000e+04,-5.066000000000000000e+04,-1.855000000000000000e+04,-1.138380000000000000e+05,-2.514400000000000000e+04,-5.955800000000000000e+04,-6.223400000000000000e+04,2.274400000000000000e+04,6.498800000000000000e+04,7.643000000000000000e+04,5.437600000000000000e+04,-7.710000000000000000e+03,-2.117600000000000000e+04,5.352000000000000000e+03,-8.260000000000000000e+03,1.047800000000000000e+04,5.582000000000000000e+03,-2.078800000000000000e+04,-2.446000000000000000e+04,4.350000000000000000e+03,3.967400000000000000e+04,7.094000000000000000e+03,3.392400000000000000e+04,-3.055000000000000000e+04,-7.909400000000000000e+04,1.266000000000000000e+04,1.173600000000000000e+04,-4.650200000000000000e+04,-8.202000000000000000e+03,-2.754000000000000000e+04,-2.273800000000000000e+04,-6.750000000000000000e+03,3.760200000000000000e+04,-4.067000000000000000e+04,3.928000000000000000e+04,-2.598800000000000000e+04,-4.864000000000000000e+03,1.332400000000000000e+04,6.460800000000000000e+04,-2.254800000000000000e+04,-9.638000000000000000e+03,2.596800000000000000e+04,-4.199400000000000000e+04,1.176400000000000000e+04,-2.602200000000000000e+04,2.093600000000000000e+04,-1.494800000000000000e+04,2.542200000000000000e+04,-1.225800000000000000e+04,-1.472000000000000000e+04,1.480600000000000000e+04,-1.748000000000000000e+04,4.730600000000000000e+04,-3.873800000000000000e+04,3.866200000000000000e+04,-4.444000000000000000e+04,2.114800000000000000e+04,-8.402000000000000000e+04,-2.674000000000000000e+03,-2.552800000000000000e+04,5.446000000000000000e+03,-2.188000000000000000e+03,-1.789400000000000000e+04,2.062000000000000000e+03,-8.238000000000000000e+03,3.576000000000000000e+03,-4.413800000000000000e+04,3.460600000000000000e+04,-7.387000000000000000e+04,-1.314400000000000000e+04,-1.681800000000000000e+04,6.322000000000000000e+03,2.125800000000000000e+04,-1.778000000000000000e+04,-2.896600000000000000e+04,3.087000000000000000e+04,-2.926000000000000000e+03,1.845400000000000000e+04,-3.727200000000000000e+04,4.039800000000000000e+04,8.094000000000000000e+03,6.200000000000000000e+02,1.905200000000000000e+04,-3.150600000000000000e+04,6.915200000000000000e+04,3.526000000000000000e+03,-5.257800000000000000e+04,-1.420000000000000000e+02,-1.525400000000000000e+04,3.784600000000000000e+04,5.564000000000000000e+03,-8.192000000000000000e+03,-3.364400000000000000e+04,-3.888600000000000000e+04,8.244000000000000000e+04,3.336000000000000000e+03,1.168400000000000000e+04,-1.786600000000000000e+04,1.207600000000000000e+04,4.084000000000000000e+03,-3.931600000000000000e+04,-4.819800000000000000e+04,-1.068800000000000000e+04,2.050000000000000000e+03,1.785000000000000000e+04,-2.388000000000000000e+03,1.046000000000000000e+03,-4.106200000000000000e+04,2.512200000000000000e+04,7.754800000000000000e+04,-4.271200000000000000e+04,-2.028000000000000000e+04,-6.073400000000000000e+04,-2.990800000000000000e+04,-2.259000000000000000e+04,-3.133000000000000000e+04,4.896000000000000000e+04,-2.811400000000000000e+04,-7.560000000000000000e+03,5.070600000000000000e+04,1.168200000000000000e+04,-8.324000000000000000e+03,3.634200000000000000e+04,-3.331800000000000000e+04,3.611000000000000000e+04,2.694000000000000000e+04,-6.658600000000000000e+04,-7.660200000000000000e+04,-1.496200000000000000e+04,-3.263200000000000000e+04,1.489800000000000000e+04,-6.880000000000000000e+02,-1.453600000000000000e+04,2.990000000000000000e+04,4.734000000000000000e+03,-6.496200000000000000e+04,4.703800000000000000e+04,-3.733400000000000000e+04,4.157000000000000000e+04,8.486000000000000000e+03,6.462000000000000000e+03,3.265000000000000000e+04,6.740000000000000000e+02,3.460000000000000000e+03,-3.990600000000000000e+04,-4.410800000000000000e+04,1.449000000000000000e+04,-1.888200000000000000e+04,5.026600000000000000e+04,-1.942000000000000000e+03,-4.745400000000000000e+04,-1.176800000000000000e+04,-9.138000000000000000e+03,6.710800000000000000e+04,-2.170600000000000000e+04,2.692400000000000000e+04,-2.976200000000000000e+04,-1.534800000000000000e+04,-1.751800000000000000e+04,2.486400000000000000e+04,6.676600000000000000e+04,8.244000000000000000e+04,1.024400000000000000e+04,-4.027000000000000000e+04,3.050400000000000000e+04,4.241200000000000000e+04,-1.219200000000000000e+04,-4.152000000000000000e+03,1.386000000000000000e+04,-4.950000000000000000e+03,8.932000000000000000e+03,3.921600000000000000e+04,-4.658000000000000000e+04,6.199800000000000000e+04,7.098600000000000000e+04,6.614000000000000000e+03,-5.652400000000000000e+04,-3.930000000000000000e+04,8.324000000000000000e+03,4.564000000000000000e+03,-3.334600000000000000e+04,7.120000000000000000e+03,-1.728400000000000000e+04,6.528600000000000000e+04,-3.614800000000000000e+04,9.115000000000000000e+04,-1.346800000000000000e+05,6.001800000000000000e+04,1.035200000000000000e+04,-5.190000000000000000e+03,-1.762000000000000000e+04,3.559400000000000000e+04,-3.094400000000000000e+04,-1.991800000000000000e+04,-1.927200000000000000e+04,-2.179200000000000000e+04,1.531400000000000000e+04,3.805600000000000000e+04,3.482600000000000000e+04,-3.302000000000000000e+03,3.427800000000000000e+04,1.080000000000000000e+04,-1.234600000000000000e+04,2.748400000000000000e+04,-3.048200000000000000e+04,-1.459000000000000000e+04,-5.357600000000000000e+04,2.852000000000000000e+04,-3.283200000000000000e+04,-3.774000000000000000e+03,-1.083200000000000000e+04,4.331000000000000000e+04,-1.359400000000000000e+04,3.561200000000000000e+04,-3.615200000000000000e+04,3.322800000000000000e+04,-5.650000000000000000e+03,-3.262000000000000000e+03,-1.684000000000000000e+03,2.752000000000000000e+03,3.253000000000000000e+04,3.132000000000000000e+03,4.158400000000000000e+04,-2.708000000000000000e+03,-1.228200000000000000e+04,5.044400000000000000e+04,9.888000000000000000e+03,2.132400000000000000e+04,-5.695000000000000000e+04,-1.105800000000000000e+04,-3.027800000000000000e+04,1.088000000000000000e+04,-1.370800000000000000e+04,-9.173200000000000000e+04,-2.475200000000000000e+04,-1.122800000000000000e+04,1.036600000000000000e+04,-2.273800000000000000e+04,3.172800000000000000e+04,4.835600000000000000e+04,5.448000000000000000e+03,2.573200000000000000e+04,-2.325400000000000000e+04,-2.099600000000000000e+04,-2.742000000000000000e+04,7.806000000000000000e+03,2.032800000000000000e+04,-9.238000000000000000e+03,2.338400000000000000e+04,8.182000000000000000e+03,3.666400000000000000e+04,4.906400000000000000e+04,6.902000000000000000e+03,7.937200000000000000e+04,-1.834000000000000000e+03,-8.774000000000000000e+03,-3.201800000000000000e+04,4.503800000000000000e+04,-3.567200000000000000e+04,3.604600000000000000e+04,-9.496000000000000000e+03,7.788000000000000000e+03,8.274600000000000000e+04,-1.866600000000000000e+04,-1.076340000000000000e+05,2.194600000000000000e+04,8.280000000000000000e+02,-2.094000000000000000e+04,6.089400000000000000e+04,5.383200000000000000e+04,-1.599000000000000000e+04,-8.560000000000000000e+02,1.431600000000000000e+04,1.164660000000000000e+05,4.415800000000000000e+04,-3.620000000000000000e+04,4.103200000000000000e+04,-7.486000000000000000e+03,-2.749600000000000000e+04,-2.102600000000000000e+04,1.994200000000000000e+04,2.485600000000000000e+04,2.016600000000000000e+04,1.395200000000000000e+04,-2.030600000000000000e+04,-3.149400000000000000e+04,5.820600000000000000e+04,9.292000000000000000e+03,-4.449200000000000000e+04,-4.237000000000000000e+04,-1.451200000000000000e+04,-4.328000000000000000e+04,-5.099800000000000000e+04,-8.164400000000000000e+04,4.533600000000000000e+04,5.110000000000000000e+03,-2.530400000000000000e+04,-2.373800000000000000e+04,2.571600000000000000e+04,3.976000000000000000e+03,1.240800000000000000e+04,-4.050600000000000000e+04,4.678600000000000000e+04,-3.634000000000000000e+03,1.415200000000000000e+04,-1.820400000000000000e+04,3.194400000000000000e+04,-3.225600000000000000e+04,1.230000000000000000e+04,7.787800000000000000e+04,-1.680200000000000000e+04,-9.120000000000000000e+03,1.305800000000000000e+04,-3.979000000000000000e+04,-2.436000000000000000e+04,-1.520200000000000000e+04,4.316400000000000000e+04,2.989600000000000000e+04,-4.375200000000000000e+04,3.371400000000000000e+04,-3.145000000000000000e+04,-1.401600000000000000e+04,-1.200600000000000000e+04,3.548800000000000000e+04,1.637000000000000000e+04,-1.108540000000000000e+05,1.265080000000000000e+05,1.562700000000000000e+05,-7.415000000000000000e+04,-4.519200000000000000e+04,-6.916000000000000000e+04,4.575200000000000000e+04,-1.268460000000000000e+05,-3.440000000000000000e+02,-3.736000000000000000e+04,1.637400000000000000e+04,4.416800000000000000e+04,3.636000000000000000e+03,-9.520000000000000000e+03,4.280600000000000000e+04,2.760000000000000000e+03,-1.978400000000000000e+04,1.785200000000000000e+04,-4.172000000000000000e+03,-2.036800000000000000e+04,-1.225000000000000000e+04,1.181400000000000000e+04,2.004800000000000000e+04,1.352000000000000000e+03,1.386800000000000000e+04,1.160200000000000000e+04,-6.841200000000000000e+04,8.682000000000000000e+03,6.606000000000000000e+03,4.348000000000000000e+04,5.303400000000000000e+04,5.015800000000000000e+04,1.965000000000000000e+04,-2.787000000000000000e+04,-2.416400000000000000e+04,3.028000000000000000e+04,-2.719000000000000000e+04,-4.316000000000000000e+03,1.042800000000000000e+04,3.151600000000000000e+04,3.155200000000000000e+04,-1.184840000000000000e+05,1.391400000000000000e+04,-8.001600000000000000e+04,3.482200000000000000e+04,-2.944000000000000000e+04,1.155800000000000000e+04,-2.807600000000000000e+04,1.488200000000000000e+04,-2.542000000000000000e+03,-1.964200000000000000e+04,1.123000000000000000e+04,-1.935000000000000000e+04,-6.248400000000000000e+04,-1.754200000000000000e+04,4.950600000000000000e+04,9.718000000000000000e+03,2.096400000000000000e+04,1.170800000000000000e+04,1.906200000000000000e+04,-5.730000000000000000e+03,-1.280000000000000000e+02,5.949800000000000000e+04,-5.426800000000000000e+04,4.320000000000000000e+02,1.129000000000000000e+04,-9.362000000000000000e+03,1.154600000000000000e+04,9.776000000000000000e+03,-1.698400000000000000e+04,5.582800000000000000e+04,8.155800000000000000e+04,8.688000000000000000e+03,-2.623400000000000000e+04,-5.200400000000000000e+04,4.738200000000000000e+04,1.668000000000000000e+03,-5.384800000000000000e+04,4.190800000000000000e+04,-3.355600000000000000e+04,-2.113200000000000000e+04,-1.332200000000000000e+04,-5.990000000000000000e+04,3.141200000000000000e+04,3.890800000000000000e+04,-2.962000000000000000e+04,-6.361200000000000000e+04,2.152600000000000000e+04,3.279000000000000000e+04,-3.234800000000000000e+04,4.430200000000000000e+04,1.882200000000000000e+04,-2.160000000000000000e+04,-1.013000000000000000e+04,-4.311400000000000000e+04,-3.119400000000000000e+04,9.088000000000000000e+03,-8.713600000000000000e+04,-9.900000000000000000e+03,1.294000000000000000e+04,2.654000000000000000e+04,-1.786000000000000000e+03,2.946200000000000000e+04,-3.895600000000000000e+04,5.332400000000000000e+04,1.409600000000000000e+04,-1.815200000000000000e+04,-3.325200000000000000e+04,7.437200000000000000e+04,-1.221240000000000000e+05,-1.190260000000000000e+05,8.853800000000000000e+04,-1.387600000000000000e+04,-1.999600000000000000e+04,-3.812400000000000000e+04,6.181800000000000000e+04,-3.321600000000000000e+04,2.842800000000000000e+04,-1.284000000000000000e+03,1.857000000000000000e+04,1.350000000000000000e+04,4.373000000000000000e+04,2.744600000000000000e+04,-3.532400000000000000e+04,-6.255600000000000000e+04,-2.518000000000000000e+03,-2.682200000000000000e+04,4.226000000000000000e+03,-1.400200000000000000e+04,5.200000000000000000e+02,-1.966000000000000000e+03,-3.915800000000000000e+04,-7.558000000000000000e+03,-5.988800000000000000e+04,3.708800000000000000e+04,1.159400000000000000e+04,-1.511000000000000000e+04,-2.618600000000000000e+04,-1.196340000000000000e+05,-1.218040000000000000e+05,-1.017200000000000000e+04,1.102600000000000000e+04,-3.600000000000000000e+03,3.544800000000000000e+04,4.727400000000000000e+04,3.683200000000000000e+04,-3.064200000000000000e+04,3.727400000000000000e+04,-6.349000000000000000e+04,4.945400000000000000e+04,5.598800000000000000e+04,-7.421600000000000000e+04,7.375000000000000000e+04,-1.000320000000000000e+05,6.212000000000000000e+04,1.306200000000000000e+04,6.824000000000000000e+03,-1.501300000000000000e+05,-7.129200000000000000e+04,1.688400000000000000e+04,-3.582800000000000000e+04,-6.039800000000000000e+04,-3.513000000000000000e+04,3.930800000000000000e+04,-1.543000000000000000e+04,-6.126000000000000000e+03,5.489200000000000000e+04,-1.284600000000000000e+04,-3.116800000000000000e+04,6.501400000000000000e+04,3.502000000000000000e+03,-1.571600000000000000e+04,-5.652000000000000000e+04,-9.164000000000000000e+03,-3.187000000000000000e+04,2.894800000000000000e+04,1.115200000000000000e+04,-5.363600000000000000e+04,-1.874200000000000000e+04,1.447400000000000000e+04,8.880000000000000000e+02,-3.151400000000000000e+04,-3.067800000000000000e+04,-9.556400000000000000e+04,-2.001200000000000000e+04,1.376000000000000000e+03,-4.328000000000000000e+04,-1.208000000000000000e+04,-2.704600000000000000e+04,3.846800000000000000e+04,-2.888000000000000000e+03,-2.478400000000000000e+04,1.832400000000000000e+04,-1.303800000000000000e+04,-3.977200000000000000e+04,1.340000000000000000e+04,-8.053800000000000000e+04,-6.013600000000000000e+04,3.762800000000000000e+04,2.553800000000000000e+04,-2.951400000000000000e+04,-3.700200000000000000e+04,-5.338000000000000000e+03,1.621600000000000000e+04,-3.104800000000000000e+04,1.466200000000000000e+04,1.909600000000000000e+04,7.280000000000000000e+02,1.336000000000000000e+03,1.516600000000000000e+04,-8.222200000000000000e+04,-6.476000000000000000e+04,-3.751200000000000000e+04,6.756600000000000000e+04,5.124000000000000000e+03,-3.315400000000000000e+04,5.192800000000000000e+04,1.445600000000000000e+04,3.491400000000000000e+04,4.122000000000000000e+03,1.099400000000000000e+04,-2.160800000000000000e+04,3.111800000000000000e+04,8.090600000000000000e+04,1.673200000000000000e+04,4.211200000000000000e+04,-2.397600000000000000e+04,3.038000000000000000e+04,1.297800000000000000e+04,9.378000000000000000e+03,-1.608200000000000000e+04,3.362400000000000000e+04,-4.272000000000000000e+03,-7.145200000000000000e+04,-5.886200000000000000e+04,-6.260000000000000000e+02,4.550600000000000000e+04,1.364200000000000000e+04,9.798000000000000000e+03,1.637600000000000000e+04,1.237000000000000000e+04,-3.317200000000000000e+04,1.813800000000000000e+04,2.568800000000000000e+04,-9.606000000000000000e+03,-1.404000000000000000e+04,1.503600000000000000e+04,-4.722000000000000000e+03,-1.981200000000000000e+04,2.338600000000000000e+04,3.099200000000000000e+04,1.315200000000000000e+04,-2.070800000000000000e+04,-3.690000000000000000e+03,-7.235800000000000000e+04,1.336800000000000000e+04,2.606000000000000000e+03,-6.540800000000000000e+04,2.516800000000000000e+04,-5.309200000000000000e+04,7.376000000000000000e+03,-3.498000000000000000e+03,-2.538600000000000000e+04,3.154200000000000000e+04,-9.171600000000000000e+04,-5.403200000000000000e+04,-4.158000000000000000e+03,-6.610000000000000000e+03,-4.789400000000000000e+04,-1.224600000000000000e+04,-3.434600000000000000e+04,-3.164000000000000000e+03,-1.488500000000000000e+05,4.040800000000000000e+04,-3.596600000000000000e+04,5.366000000000000000e+04,-1.962000000000000000e+03,1.378000000000000000e+04,3.537400000000000000e+04,-1.173200000000000000e+04,-2.037200000000000000e+04,1.018200000000000000e+04,-2.733000000000000000e+04,-5.911200000000000000e+04,-2.257400000000000000e+04,4.810000000000000000e+03,1.226800000000000000e+04,1.545600000000000000e+04,-4.517800000000000000e+04,-2.290400000000000000e+04,4.330000000000000000e+03,6.077000000000000000e+04,1.253800000000000000e+04,1.540000000000000000e+02,1.398000000000000000e+03,2.015400000000000000e+04,2.408600000000000000e+04,5.242000000000000000e+03,-4.616800000000000000e+04,-2.842200000000000000e+04,-2.539000000000000000e+04,-3.433400000000000000e+04,3.138000000000000000e+03,-3.251800000000000000e+04,5.434000000000000000e+03,4.850400000000000000e+04,-9.886000000000000000e+03,5.160000000000000000e+02,5.606200000000000000e+04,1.849000000000000000e+04,7.289400000000000000e+04,-2.270200000000000000e+04,-2.371800000000000000e+04,-4.206000000000000000e+04,3.413200000000000000e+04,1.175000000000000000e+04,7.336000000000000000e+03,-1.095580000000000000e+05,-2.802600000000000000e+04,4.027200000000000000e+04,-5.362800000000000000e+04,-5.707800000000000000e+04,-7.270000000000000000e+03,-5.431800000000000000e+04,-4.913400000000000000e+04,-8.242800000000000000e+04,1.721200000000000000e+04,4.147000000000000000e+04,-6.000000000000000000e+03,-1.403000000000000000e+04,5.765600000000000000e+04,2.409200000000000000e+04,-2.051400000000000000e+04,7.174000000000000000e+04,2.462400000000000000e+04,-8.680000000000000000e+03,4.376600000000000000e+04,6.290400000000000000e+04,4.352000000000000000e+04,-1.296000000000000000e+03,3.937600000000000000e+04,-4.172800000000000000e+04,-4.319600000000000000e+04,8.688000000000000000e+03,-2.975600000000000000e+04,1.402400000000000000e+04,2.693400000000000000e+04,1.889600000000000000e+04,-2.453600000000000000e+04,2.519200000000000000e+04,-2.728000000000000000e+03,1.282800000000000000e+04,1.264800000000000000e+04,2.420000000000000000e+03,2.031200000000000000e+04,1.933800000000000000e+04,3.987200000000000000e+04,3.681000000000000000e+04,5.612800000000000000e+04,1.937000000000000000e+04,3.582000000000000000e+04,-1.312200000000000000e+04,2.274200000000000000e+04,5.640600000000000000e+04,-1.167200000000000000e+04,2.866000000000000000e+04,2.911600000000000000e+04,-3.388400000000000000e+04,4.607000000000000000e+04,-7.638000000000000000e+03,-4.556800000000000000e+04,-1.500000000000000000e+03,-1.241120000000000000e+05,-5.748200000000000000e+04,-5.702800000000000000e+04,-2.743800000000000000e+04,-5.171200000000000000e+04,5.231000000000000000e+04,-1.728400000000000000e+04,2.152000000000000000e+04,-6.596000000000000000e+03,-7.120000000000000000e+03,-7.556400000000000000e+04,-1.856200000000000000e+04,3.788000000000000000e+03,-1.708200000000000000e+04,-3.431800000000000000e+04,-9.310600000000000000e+04,-4.685800000000000000e+04,6.170000000000000000e+03,2.978800000000000000e+04,-1.742600000000000000e+04,-4.716000000000000000e+03,2.389000000000000000e+04,2.892600000000000000e+04,3.465800000000000000e+04,1.633800000000000000e+04,-2.846600000000000000e+04,8.540000000000000000e+02,-2.687400000000000000e+04,4.754400000000000000e+04,4.581400000000000000e+04,4.643000000000000000e+04,-1.435800000000000000e+04,-1.917200000000000000e+04,-2.783000000000000000e+04,1.095600000000000000e+04,-1.982200000000000000e+04,-3.370000000000000000e+04,6.163800000000000000e+04,-1.660000000000000000e+03,1.437000000000000000e+04,-1.910400000000000000e+04,-9.942000000000000000e+03,-2.193600000000000000e+04,-8.648000000000000000e+03,-7.698800000000000000e+04,-5.040000000000000000e+02,-3.382200000000000000e+04,-1.662200000000000000e+04,1.793600000000000000e+04,1.869400000000000000e+04,-2.597800000000000000e+04,1.432000000000000000e+04,-2.192800000000000000e+04,1.968000000000000000e+04,-3.780000000000000000e+03,-7.796000000000000000e+03,-3.724800000000000000e+04,3.321200000000000000e+04,-5.522000000000000000e+03,1.715400000000000000e+04,-6.270000000000000000e+04,-1.122200000000000000e+04,4.857600000000000000e+04,-4.945000000000000000e+04,3.261000000000000000e+04,5.779600000000000000e+04,-5.232600000000000000e+04,4.869400000000000000e+04,1.889400000000000000e+04,-2.784200000000000000e+04,2.137400000000000000e+04,-1.353200000000000000e+04,-7.441600000000000000e+04,4.643400000000000000e+04,7.183600000000000000e+04,7.102600000000000000e+04,-1.110000000000000000e+04,-3.106200000000000000e+04,7.058000000000000000e+03,-3.632000000000000000e+03,8.641200000000000000e+04,-2.264200000000000000e+04,5.744800000000000000e+04,-1.973000000000000000e+04,-9.560000000000000000e+02,-3.227000000000000000e+04,-3.879400000000000000e+04,4.844000000000000000e+04,4.575400000000000000e+04,6.543800000000000000e+04,-8.576600000000000000e+04,5.571400000000000000e+04,1.043800000000000000e+05,-2.136400000000000000e+04,4.394000000000000000e+04,-3.483600000000000000e+04,-3.204400000000000000e+04,2.116400000000000000e+04,-6.321000000000000000e+04,3.095200000000000000e+04,9.494000000000000000e+03,-7.154000000000000000e+03,4.763800000000000000e+04,3.877200000000000000e+04,9.502000000000000000e+03,1.437800000000000000e+04,-5.493600000000000000e+04,-1.145640000000000000e+05,4.460800000000000000e+04,-9.352000000000000000e+03,-8.862000000000000000e+03,2.099800000000000000e+04,-1.700000000000000000e+03,7.009200000000000000e+04,-9.421400000000000000e+04,-2.556200000000000000e+04,2.008600000000000000e+04,3.243600000000000000e+04,1.026080000000000000e+05,1.563980000000000000e+05,3.426000000000000000e+03,3.106400000000000000e+04,-5.198000000000000000e+03,5.684400000000000000e+04,-3.801400000000000000e+04,-1.803200000000000000e+04,-5.550000000000000000e+03,3.026400000000000000e+04,-5.330000000000000000e+04,-1.856600000000000000e+04,-1.880000000000000000e+04,-3.453600000000000000e+04,9.664000000000000000e+03,-4.680000000000000000e+04,4.346000000000000000e+03,-3.699000000000000000e+04,4.514800000000000000e+04,9.448000000000000000e+03,-3.659200000000000000e+04,1.010200000000000000e+04,-4.343600000000000000e+04,-2.823800000000000000e+04,-9.930000000000000000e+03,-4.415200000000000000e+04,2.099400000000000000e+04,2.131200000000000000e+04,1.062000000000000000e+03,1.307800000000000000e+04,4.720600000000000000e+04,-1.188600000000000000e+04,4.904600000000000000e+04,-2.733000000000000000e+04,7.536600000000000000e+04,-1.069400000000000000e+04,-2.442200000000000000e+04,-1.932400000000000000e+04,-5.117800000000000000e+04,1.940000000000000000e+04,1.808400000000000000e+04,5.173000000000000000e+04,-1.982200000000000000e+04,-2.097800000000000000e+04,-1.922000000000000000e+03,-6.728000000000000000e+03,5.421400000000000000e+04,-1.387000000000000000e+04,-3.392400000000000000e+04,-1.573400000000000000e+04,-7.466800000000000000e+04,-5.922000000000000000e+03,-1.489000000000000000e+04,-5.796600000000000000e+04,-2.286600000000000000e+04,4.632000000000000000e+03,-1.679600000000000000e+04,-1.048600000000000000e+04,-1.031400000000000000e+04,-1.881800000000000000e+04,-5.341000000000000000e+04,3.046000000000000000e+03,2.902200000000000000e+04,-3.880600000000000000e+04,-7.676000000000000000e+03,-5.056200000000000000e+04,5.310200000000000000e+04,2.180000000000000000e+04,5.960000000000000000e+03,2.922400000000000000e+04,3.176600000000000000e+04,1.200000000000000000e+03,-1.792600000000000000e+04,-1.273000000000000000e+04,3.010600000000000000e+04,4.880000000000000000e+04,7.830000000000000000e+03,3.220000000000000000e+02,7.164000000000000000e+03,-5.605200000000000000e+04,-1.647800000000000000e+04,-6.070600000000000000e+04,2.811000000000000000e+04,-2.651400000000000000e+04,-2.986600000000000000e+04,4.443400000000000000e+04,-2.380800000000000000e+04,-2.154400000000000000e+04,-9.607200000000000000e+04,-9.961000000000000000e+04,1.625320000000000000e+05,-7.991000000000000000e+04,-1.395800000000000000e+04,2.600600000000000000e+04,-1.343200000000000000e+04,-9.694000000000000000e+03,2.599400000000000000e+04,-3.127000000000000000e+04,1.760200000000000000e+04,-1.970200000000000000e+04,8.846000000000000000e+03,-2.435400000000000000e+04,-2.136000000000000000e+04,9.258000000000000000e+03,-1.003800000000000000e+04,-7.894000000000000000e+04,-7.780000000000000000e+02,-3.323200000000000000e+04,3.070000000000000000e+04,2.524400000000000000e+04,-2.524800000000000000e+04,3.779400000000000000e+04,-1.380600000000000000e+04,-3.336800000000000000e+04,-2.655800000000000000e+04,1.042000000000000000e+04,-3.990400000000000000e+04,-3.860000000000000000e+03,5.620000000000000000e+03,3.459400000000000000e+04,1.517800000000000000e+04,2.208000000000000000e+04,5.140600000000000000e+04,3.186600000000000000e+04,-1.828600000000000000e+04,-4.740000000000000000e+02,4.049200000000000000e+04,1.408800000000000000e+04,-2.054000000000000000e+03,-1.810400000000000000e+04,-1.792000000000000000e+03,2.201200000000000000e+04,-1.881800000000000000e+04,4.198800000000000000e+04,-4.243000000000000000e+04,-5.281800000000000000e+04,-5.124000000000000000e+04,-5.430600000000000000e+04,-3.376000000000000000e+04,6.938000000000000000e+03,2.370000000000000000e+04,2.396600000000000000e+04,-4.580000000000000000e+02,1.207200000000000000e+04,-4.170800000000000000e+04,3.608000000000000000e+04,-5.594200000000000000e+04,-2.030000000000000000e+04,-8.349800000000000000e+04,-8.466400000000000000e+04,6.469800000000000000e+04,1.948000000000000000e+04,-5.660800000000000000e+04,-6.322000000000000000e+03,-1.242800000000000000e+04,-2.108000000000000000e+03,3.421600000000000000e+04,2.254600000000000000e+04,-4.190800000000000000e+04,-1.669400000000000000e+04,-2.350800000000000000e+04,1.774600000000000000e+04,5.651200000000000000e+04,-3.364400000000000000e+04,-4.074000000000000000e+04,-3.783400000000000000e+04,4.827600000000000000e+04,-2.292800000000000000e+04,8.462000000000000000e+03,3.946400000000000000e+04,-1.225800000000000000e+04,6.176800000000000000e+04,6.396000000000000000e+03,2.542600000000000000e+04,4.833000000000000000e+04,5.610400000000000000e+04,3.692800000000000000e+04,5.869000000000000000e+04,-3.087000000000000000e+04,-3.985600000000000000e+04,2.139800000000000000e+04,9.472600000000000000e+04,4.320000000000000000e+03,2.450000000000000000e+03,3.900000000000000000e+03,-3.469000000000000000e+04,-6.861200000000000000e+04,2.528000000000000000e+04,-2.762200000000000000e+04,4.456600000000000000e+04,-1.772200000000000000e+04,-7.382200000000000000e+04,6.113000000000000000e+04,-5.738000000000000000e+03,-4.683600000000000000e+04,-7.744000000000000000e+04,1.260340000000000000e+05,-7.889600000000000000e+04,-1.520600000000000000e+04,2.898200000000000000e+04,1.291400000000000000e+04,4.318400000000000000e+04,-1.505000000000000000e+04,9.840000000000000000e+03,-1.190200000000000000e+04,6.479000000000000000e+04,4.577800000000000000e+04,2.574000000000000000e+03,1.337600000000000000e+04,-1.104800000000000000e+04,-5.088000000000000000e+03,-4.982000000000000000e+03,-2.268400000000000000e+04,3.896200000000000000e+04,-2.710200000000000000e+04,3.134400000000000000e+04,2.634400000000000000e+04,2.880000000000000000e+03,3.134000000000000000e+03,-3.363800000000000000e+04,-7.678000000000000000e+03,1.767000000000000000e+04,5.560200000000000000e+04,8.608000000000000000e+03,-3.159200000000000000e+04,-7.717800000000000000e+04,-4.581400000000000000e+04,-9.545000000000000000e+04,2.204000000000000000e+04,-3.437800000000000000e+04,4.980000000000000000e+02,3.879000000000000000e+04,-3.083200000000000000e+04,-2.634600000000000000e+04,-2.733800000000000000e+04,-7.453000000000000000e+04,3.151800000000000000e+04,3.187200000000000000e+04,4.420000000000000000e+03,-2.009800000000000000e+04,2.284000000000000000e+04,1.612200000000000000e+04,-3.682000000000000000e+03,8.772000000000000000e+03,-2.985000000000000000e+04,5.580000000000000000e+03,6.751400000000000000e+04,-7.481800000000000000e+04,4.526000000000000000e+03,-3.474800000000000000e+04,-4.577800000000000000e+04,-3.729600000000000000e+04,-1.246400000000000000e+04,-1.392400000000000000e+04,-2.223000000000000000e+04,-1.685400000000000000e+04,-4.893400000000000000e+04,-2.923600000000000000e+04,-7.726000000000000000e+03,1.140000000000000000e+04,-1.406400000000000000e+04,3.834800000000000000e+04,-2.634800000000000000e+04,1.176400000000000000e+04,2.488000000000000000e+03,7.924000000000000000e+03,5.505800000000000000e+04,-5.965200000000000000e+04,1.702400000000000000e+04,-1.430200000000000000e+04,3.985400000000000000e+04,2.093600000000000000e+04,-1.813200000000000000e+04,8.442000000000000000e+03,2.542000000000000000e+03,-4.802000000000000000e+03,-2.292800000000000000e+04,8.590000000000000000e+03,7.212000000000000000e+03,-1.546600000000000000e+04,4.567800000000000000e+04,1.369800000000000000e+04,-3.628600000000000000e+04,4.585000000000000000e+04,-2.420400000000000000e+04,1.929000000000000000e+04,2.008400000000000000e+04,1.264800000000000000e+04,3.856000000000000000e+04,7.112800000000000000e+04,1.384000000000000000e+04,-8.582000000000000000e+03,2.874000000000000000e+03,-8.140000000000000000e+02,8.234200000000000000e+04,2.205200000000000000e+04,4.289600000000000000e+04,1.942400000000000000e+04,-3.670600000000000000e+04,4.187400000000000000e+04,2.180200000000000000e+04,-4.283600000000000000e+04,-3.624800000000000000e+04,-2.944000000000000000e+04,-1.077600000000000000e+04,-3.885800000000000000e+04,3.299600000000000000e+04,5.232200000000000000e+04,1.744600000000000000e+04,-6.146600000000000000e+04,-4.492000000000000000e+03,5.256600000000000000e+04,-3.867000000000000000e+04,1.265200000000000000e+04,-5.500000000000000000e+02,-4.875600000000000000e+04,-5.405800000000000000e+04,1.976000000000000000e+03,2.549000000000000000e+04,-2.187800000000000000e+04,5.514000000000000000e+03,-3.740400000000000000e+04,1.014000000000000000e+03,8.168000000000000000e+03,2.579200000000000000e+04,9.746000000000000000e+03,-3.258800000000000000e+04,1.378200000000000000e+04,-3.591800000000000000e+04,-6.652000000000000000e+03,-4.144600000000000000e+04,-2.162200000000000000e+04,-1.284000000000000000e+04,-2.183800000000000000e+04,7.466000000000000000e+03,3.225800000000000000e+04,1.908000000000000000e+03,3.482400000000000000e+04,-3.072200000000000000e+04,4.153200000000000000e+04,-3.300200000000000000e+04,3.286200000000000000e+04,2.164000000000000000e+03,-1.907200000000000000e+04,-2.936800000000000000e+04,-2.197800000000000000e+04,-7.470800000000000000e+04,-3.246200000000000000e+04,3.514800000000000000e+04,2.128000000000000000e+03,-4.834000000000000000e+04,-8.712000000000000000e+03,3.687000000000000000e+04,-3.206600000000000000e+04,4.221000000000000000e+04,-5.584800000000000000e+04,-1.105160000000000000e+05,2.225600000000000000e+04,-9.622000000000000000e+03,-6.285200000000000000e+04,-2.078600000000000000e+04,4.312800000000000000e+04,2.356600000000000000e+04,-7.906000000000000000e+03,1.183400000000000000e+04,3.044600000000000000e+04,2.404800000000000000e+04,-1.112000000000000000e+04,-8.578000000000000000e+03,1.116800000000000000e+04,4.530000000000000000e+04,-3.026800000000000000e+04,7.856200000000000000e+04,4.156200000000000000e+04,1.238000000000000000e+04,4.925600000000000000e+04,2.879200000000000000e+04,-1.260000000000000000e+02,6.908000000000000000e+03,-9.524000000000000000e+03,1.220000000000000000e+02,2.840600000000000000e+04,-1.335600000000000000e+04,6.689000000000000000e+04,-5.232000000000000000e+03,5.180000000000000000e+03,1.278200000000000000e+04,-1.085000000000000000e+04,-3.482000000000000000e+04,-2.253000000000000000e+04,7.700000000000000000e+02,-4.740000000000000000e+03,-2.075200000000000000e+04,-1.691600000000000000e+04,6.722600000000000000e+04,2.252600000000000000e+04,3.454200000000000000e+04,-3.480800000000000000e+04,1.483400000000000000e+04,1.063000000000000000e+04,7.023200000000000000e+04,9.469800000000000000e+04,-2.899200000000000000e+04,3.318400000000000000e+04,-4.726000000000000000e+04,-7.506000000000000000e+03,1.370800000000000000e+04,-1.442000000000000000e+03,-3.073600000000000000e+04,4.392600000000000000e+04,8.034000000000000000e+03,1.662000000000000000e+03,-2.371000000000000000e+04,-1.204260000000000000e+05,1.284200000000000000e+04,-8.480000000000000000e+02,1.671600000000000000e+04,1.412200000000000000e+04,-4.564200000000000000e+04,-2.879200000000000000e+04,-1.771000000000000000e+04,7.484000000000000000e+04,8.200000000000000000e+01,5.346600000000000000e+04,7.879400000000000000e+04,5.105200000000000000e+04,2.134600000000000000e+04,-1.420000000000000000e+02,-5.426800000000000000e+04,-1.095800000000000000e+04,1.831600000000000000e+04,-2.656600000000000000e+04,-1.406400000000000000e+04,4.182000000000000000e+04,-3.950200000000000000e+04,-1.507800000000000000e+04,-2.339600000000000000e+04,3.645600000000000000e+04,-6.364000000000000000e+03,-7.287000000000000000e+04,-6.331800000000000000e+04,2.366400000000000000e+04,6.578000000000000000e+04,8.525000000000000000e+04,-1.035460000000000000e+05,-5.580800000000000000e+04,-7.242200000000000000e+04,-4.542000000000000000e+04,-3.802000000000000000e+03,-9.880000000000000000e+02,-3.584200000000000000e+04,1.226800000000000000e+04,-2.574600000000000000e+04,-2.893400000000000000e+04,-1.490000000000000000e+04,-5.845400000000000000e+04,3.131000000000000000e+04,-2.448000000000000000e+03,-3.156000000000000000e+03,-1.172000000000000000e+04,5.772000000000000000e+03,1.969400000000000000e+04,-4.240600000000000000e+04,3.003800000000000000e+04,-1.276000000000000000e+03,2.885000000000000000e+04,2.112000000000000000e+03,-2.233000000000000000e+04,-2.132600000000000000e+04,-2.230000000000000000e+03,1.082000000000000000e+04,-1.886000000000000000e+04,7.812000000000000000e+03,-2.784400000000000000e+04,1.972600000000000000e+04,5.406600000000000000e+04,-1.317000000000000000e+04,-5.952000000000000000e+04,-3.176600000000000000e+04,2.231200000000000000e+04,1.270000000000000000e+03,4.472200000000000000e+04,-1.055800000000000000e+04,-2.037600000000000000e+04,4.196000000000000000e+04,5.331800000000000000e+04,-5.629000000000000000e+04,-3.784000000000000000e+03,4.240000000000000000e+03,7.876000000000000000e+03,3.752400000000000000e+04,-5.960000000000000000e+03,-2.688200000000000000e+04,6.602000000000000000e+03,4.325800000000000000e+04,-6.053600000000000000e+04,2.977600000000000000e+04,-4.413400000000000000e+04,-3.728400000000000000e+04,3.160000000000000000e+04,-9.840000000000000000e+02,4.153600000000000000e+04,-7.880000000000000000e+03,2.222000000000000000e+04,-7.244000000000000000e+03,1.216000000000000000e+03,9.100000000000000000e+03,1.584400000000000000e+04,-1.008000000000000000e+04,1.188000000000000000e+03,6.064000000000000000e+03,1.027000000000000000e+04,4.234000000000000000e+03,-1.831800000000000000e+04,-9.776000000000000000e+03,3.133600000000000000e+04,2.040600000000000000e+04,3.802000000000000000e+04,-9.856200000000000000e+04,-5.817600000000000000e+04,1.662600000000000000e+04,-2.779200000000000000e+04,2.242200000000000000e+04,-6.356000000000000000e+03,-2.633200000000000000e+04,1.072000000000000000e+03,-2.661200000000000000e+04,-4.246000000000000000e+03,4.818000000000000000e+04,5.638800000000000000e+04,-2.180400000000000000e+04,1.862200000000000000e+04,5.518400000000000000e+04,-8.818000000000000000e+03,-3.824000000000000000e+03,4.733600000000000000e+04,1.372000000000000000e+03,-2.629800000000000000e+04,3.252200000000000000e+04,3.058200000000000000e+04,3.211600000000000000e+04,-8.870000000000000000e+03,1.397000000000000000e+04,2.649600000000000000e+04,-4.567800000000000000e+04,2.836000000000000000e+03,-1.189000000000000000e+04,-9.254200000000000000e+04,-9.620000000000000000e+03,-3.879800000000000000e+04,7.717600000000000000e+04,-3.532000000000000000e+04,-4.551400000000000000e+04,-1.228600000000000000e+04,4.640400000000000000e+04,4.637400000000000000e+04,3.100000000000000000e+02,4.023000000000000000e+04,-1.049200000000000000e+04,7.180000000000000000e+02,-1.770800000000000000e+04,-7.476000000000000000e+03,-1.363000000000000000e+04,-1.708000000000000000e+03,1.411000000000000000e+04,5.804000000000000000e+04,-2.152600000000000000e+04,-6.634000000000000000e+03,-2.022000000000000000e+03,-2.812800000000000000e+04,-5.699400000000000000e+04,1.178800000000000000e+04,5.080400000000000000e+04,-6.430000000000000000e+03,3.240000000000000000e+04,-6.301000000000000000e+04,1.905800000000000000e+04,-8.382200000000000000e+04,3.676800000000000000e+04,-8.102200000000000000e+04,-4.679600000000000000e+04,2.190000000000000000e+04,-1.661800000000000000e+04,3.792600000000000000e+04,4.593800000000000000e+04,-1.075760000000000000e+05,-8.987800000000000000e+04,9.451000000000000000e+04,-5.842000000000000000e+03,1.836400000000000000e+04,1.447400000000000000e+04,-5.157000000000000000e+04,-7.991000000000000000e+04,1.936200000000000000e+04,5.070000000000000000e+03,6.125000000000000000e+04,-3.422400000000000000e+04,-1.215400000000000000e+04,6.402600000000000000e+04,-2.981000000000000000e+04,-1.369800000000000000e+04,-3.535600000000000000e+04,2.105400000000000000e+04,-4.315400000000000000e+04,-3.703600000000000000e+04,-3.916800000000000000e+04,-7.495800000000000000e+04,-3.251800000000000000e+04,8.272000000000000000e+03,-1.657200000000000000e+04,-7.828000000000000000e+03,-3.829000000000000000e+04,3.416800000000000000e+04,-1.503200000000000000e+04,1.262600000000000000e+04,-4.776400000000000000e+04,4.738200000000000000e+04,-7.298000000000000000e+03,1.541800000000000000e+04,-1.140000000000000000e+04,1.876000000000000000e+03,-1.610600000000000000e+04,2.097400000000000000e+04,3.413200000000000000e+04,-2.365200000000000000e+04,-1.255000000000000000e+04,8.172000000000000000e+03,7.792000000000000000e+03,7.339400000000000000e+04,4.880400000000000000e+04,-7.200000000000000000e+02,6.404200000000000000e+04,2.317000000000000000e+04,1.271400000000000000e+04,3.712200000000000000e+04,4.161600000000000000e+04,5.174000000000000000e+03,2.150600000000000000e+04,-4.227600000000000000e+04,-1.541600000000000000e+04,2.228000000000000000e+04,1.882600000000000000e+04,3.775800000000000000e+04,-3.630200000000000000e+04,3.960400000000000000e+04,-4.557600000000000000e+04,8.348600000000000000e+04,-1.292800000000000000e+04,-1.598600000000000000e+04,2.349000000000000000e+04,9.960000000000000000e+02,4.296000000000000000e+03,4.143800000000000000e+04,-2.774800000000000000e+04,2.505800000000000000e+04,3.600800000000000000e+04,7.080000000000000000e+02,-3.596000000000000000e+04,-2.035400000000000000e+04,-2.639600000000000000e+04,1.176000000000000000e+04,1.551800000000000000e+04,-6.724000000000000000e+03,-7.653600000000000000e+04,3.175800000000000000e+04,1.415000000000000000e+04,2.964400000000000000e+04,-2.444400000000000000e+04,-1.881600000000000000e+04,-1.843400000000000000e+04,-1.890000000000000000e+04,-4.380000000000000000e+02,-1.504000000000000000e+03,-6.282000000000000000e+03,4.134400000000000000e+04,5.110000000000000000e+03,-2.878000000000000000e+03,-8.628800000000000000e+04,3.463000000000000000e+04,3.449600000000000000e+04,1.919000000000000000e+04,1.603400000000000000e+04,-1.348600000000000000e+04,-2.310400000000000000e+04,-7.020000000000000000e+02,-3.392400000000000000e+04,2.909400000000000000e+04,-4.333000000000000000e+04,-4.334200000000000000e+04,-1.441800000000000000e+04,-1.495600000000000000e+04,2.551200000000000000e+04,5.200600000000000000e+04,3.684000000000000000e+04,4.774000000000000000e+04,-5.560000000000000000e+03,-4.449600000000000000e+04,5.975800000000000000e+04,6.520000000000000000e+03,-3.121600000000000000e+04,-4.735200000000000000e+04,-6.242000000000000000e+03,4.140000000000000000e+02,-7.854000000000000000e+03,3.495800000000000000e+04,-5.262400000000000000e+04,2.420000000000000000e+03,2.137000000000000000e+04,1.885800000000000000e+04,1.960000000000000000e+03,4.503000000000000000e+04,-2.901800000000000000e+04,9.160000000000000000e+02,-1.704600000000000000e+04,-5.410000000000000000e+03,9.482000000000000000e+03,1.229200000000000000e+04,5.404200000000000000e+04,5.332000000000000000e+03,1.796600000000000000e+04,1.962400000000000000e+04,1.614600000000000000e+04,5.342000000000000000e+03,8.338000000000000000e+03,3.950800000000000000e+04,2.738200000000000000e+04,3.823800000000000000e+04,4.853400000000000000e+04,-6.110600000000000000e+04,1.374600000000000000e+04,-4.032600000000000000e+04,5.535400000000000000e+04,-7.844000000000000000e+03,4.674600000000000000e+04,-2.081600000000000000e+04,-6.081800000000000000e+04,-5.558000000000000000e+03,-2.672400000000000000e+04,-5.438000000000000000e+03,-8.010000000000000000e+03,-1.455800000000000000e+04,4.005000000000000000e+04,-1.187200000000000000e+04,-3.611200000000000000e+04,3.271800000000000000e+04,-3.931400000000000000e+04,4.177200000000000000e+04,-2.387200000000000000e+04,-7.404600000000000000e+04,-8.310000000000000000e+03,-3.170800000000000000e+04,-1.525400000000000000e+04,1.033000000000000000e+04,-2.881000000000000000e+04,-5.192200000000000000e+04,-3.532000000000000000e+04,1.183600000000000000e+04,-2.630200000000000000e+04,3.914400000000000000e+04,-7.433000000000000000e+04,-7.647200000000000000e+04,6.656000000000000000e+04,-1.358000000000000000e+04,9.536000000000000000e+03,-9.122000000000000000e+03,-1.703600000000000000e+04,-3.535800000000000000e+04,8.602400000000000000e+04,-4.284600000000000000e+04,-6.268400000000000000e+04,3.841200000000000000e+04,-4.210000000000000000e+03,-3.471400000000000000e+04,-1.425200000000000000e+04,-5.664000000000000000e+03,-5.706600000000000000e+04,1.544720000000000000e+05,3.369800000000000000e+04,-1.790200000000000000e+04,-5.851400000000000000e+04,-2.120200000000000000e+04,4.760000000000000000e+04,-1.995400000000000000e+04,4.274000000000000000e+03,2.737600000000000000e+04,-3.214600000000000000e+04,1.146800000000000000e+04,5.157200000000000000e+04,-4.291800000000000000e+04,-9.548000000000000000e+03,4.988000000000000000e+04,-5.147400000000000000e+04,1.597800000000000000e+04,-2.201400000000000000e+04,-6.217600000000000000e+04,-3.958400000000000000e+04,1.443320000000000000e+05,-4.700800000000000000e+04,-1.858000000000000000e+04,2.357600000000000000e+04,-3.601000000000000000e+04,-5.298200000000000000e+04,8.788200000000000000e+04,-5.982200000000000000e+04,2.502000000000000000e+03,3.412800000000000000e+04,-1.526000000000000000e+03,-3.124600000000000000e+04,1.656200000000000000e+04,-1.422600000000000000e+04,3.002600000000000000e+04,-9.815800000000000000e+04,-3.443200000000000000e+04,3.547400000000000000e+04,4.569000000000000000e+04,-3.385800000000000000e+04,-3.303200000000000000e+04,-2.200000000000000000e+01,6.873000000000000000e+04,3.038800000000000000e+04,1.848800000000000000e+04,1.486000000000000000e+04,-7.974000000000000000e+03,3.803200000000000000e+04,-3.754800000000000000e+04,9.310000000000000000e+03,1.588600000000000000e+04,-5.017200000000000000e+04,8.442000000000000000e+03,-6.770000000000000000e+03,1.516200000000000000e+04,5.925000000000000000e+04,4.081800000000000000e+04,-5.789400000000000000e+04,-2.994200000000000000e+04,-3.475600000000000000e+04,5.696000000000000000e+04,-5.756800000000000000e+04,-3.819400000000000000e+04,-4.571000000000000000e+04,1.123400000000000000e+04,-2.764000000000000000e+03,-4.414800000000000000e+04,-1.189200000000000000e+04,-3.808000000000000000e+04,5.804000000000000000e+03,-5.504000000000000000e+03,5.425800000000000000e+04,-3.383000000000000000e+04,2.302000000000000000e+03,2.241200000000000000e+04,6.866000000000000000e+03,2.320000000000000000e+04,-7.098600000000000000e+04,1.540200000000000000e+04,3.033200000000000000e+04,-7.058000000000000000e+03,-8.386000000000000000e+03,-3.555600000000000000e+04,-3.357000000000000000e+04,2.530400000000000000e+04,-5.408000000000000000e+03,-1.532800000000000000e+04,3.025200000000000000e+04,-6.126000000000000000e+03,-4.665600000000000000e+04,-6.422000000000000000e+03,1.475000000000000000e+04,-1.257000000000000000e+04,8.148000000000000000e+03,-3.144800000000000000e+04,-8.006000000000000000e+03,-6.259400000000000000e+04,-6.376000000000000000e+03,2.675400000000000000e+04,-3.084600000000000000e+04,-7.280000000000000000e+02,-1.660400000000000000e+04,-3.570600000000000000e+04,-3.934600000000000000e+04,-1.219400000000000000e+04,1.772600000000000000e+04,1.009200000000000000e+04,1.042400000000000000e+04,-5.447000000000000000e+04,-2.816400000000000000e+04,1.191600000000000000e+04,2.959800000000000000e+04,-1.708800000000000000e+04,2.823200000000000000e+04,3.028000000000000000e+03,-4.087400000000000000e+04,6.038000000000000000e+03,4.926200000000000000e+04,-1.832000000000000000e+03,4.163600000000000000e+04,-5.011200000000000000e+04,-3.905600000000000000e+04,7.406400000000000000e+04,-4.935200000000000000e+04,4.567800000000000000e+04,1.361600000000000000e+04,-4.921600000000000000e+04,-3.560000000000000000e+02,-2.798000000000000000e+04,-5.264800000000000000e+04,-8.449400000000000000e+04,-4.425000000000000000e+04,3.271800000000000000e+04,6.500000000000000000e+02,-8.999800000000000000e+04,2.604200000000000000e+04,1.499200000000000000e+04,-4.546000000000000000e+03,1.797800000000000000e+04,1.037800000000000000e+04,-6.713400000000000000e+04,1.360200000000000000e+04,7.776000000000000000e+03,1.164200000000000000e+04,-5.299200000000000000e+04,-2.547600000000000000e+04,3.193800000000000000e+04,9.876000000000000000e+03,-1.180400000000000000e+04,3.126600000000000000e+04,9.941600000000000000e+04,6.014400000000000000e+04,1.719800000000000000e+04,-4.806000000000000000e+03,-2.329800000000000000e+04,1.356400000000000000e+04,1.665400000000000000e+04,-1.452200000000000000e+04,-4.832200000000000000e+04,-4.021200000000000000e+04,4.766000000000000000e+03,5.533800000000000000e+04,-3.628000000000000000e+03,1.728000000000000000e+03,-4.250000000000000000e+03,2.139000000000000000e+04,4.676800000000000000e+04,-4.082400000000000000e+04,-1.307100000000000000e+05,-1.793800000000000000e+04,-5.235600000000000000e+04,-4.838600000000000000e+04,-7.909000000000000000e+04,-2.233200000000000000e+04,5.611000000000000000e+04,1.240420000000000000e+05,-4.704800000000000000e+04,4.846600000000000000e+04,2.284000000000000000e+04,3.425600000000000000e+04,-5.085800000000000000e+04,1.180000000000000000e+03,2.754000000000000000e+03,6.162000000000000000e+03,5.980000000000000000e+02,5.053200000000000000e+04,6.207600000000000000e+04,-4.566600000000000000e+04,-4.182000000000000000e+03,9.524000000000000000e+03,-1.319800000000000000e+04,-1.490400000000000000e+04,3.213000000000000000e+04,8.158000000000000000e+03,-3.133800000000000000e+04,-2.188000000000000000e+03,5.504000000000000000e+03,8.780000000000000000e+02,2.897200000000000000e+04,9.818000000000000000e+03,3.106000000000000000e+04,9.756000000000000000e+03,3.036000000000000000e+04,3.913400000000000000e+04,3.550800000000000000e+04,2.903400000000000000e+04,-4.124000000000000000e+04,2.398000000000000000e+03,4.502000000000000000e+03,7.241000000000000000e+04,-4.033000000000000000e+04,-3.456600000000000000e+04,-5.998000000000000000e+04,1.400000000000000000e+04,7.120400000000000000e+04,-1.491800000000000000e+04,1.471200000000000000e+04,2.285000000000000000e+04,-2.742600000000000000e+04,-3.553400000000000000e+04,-7.035200000000000000e+04,6.473600000000000000e+04,-1.973400000000000000e+04,6.250000000000000000e+03,-3.080000000000000000e+03,2.181800000000000000e+04,2.844800000000000000e+04,-3.106200000000000000e+04,-2.462000000000000000e+03,-1.029200000000000000e+04,2.144200000000000000e+04,-2.326200000000000000e+04,-1.915400000000000000e+04,8.554000000000000000e+03,-4.800000000000000000e+01,9.620000000000000000e+03,-2.362600000000000000e+04,-5.737400000000000000e+04,3.687800000000000000e+04,-1.570200000000000000e+04,1.560600000000000000e+04,2.782000000000000000e+04,-3.262000000000000000e+04,-1.222400000000000000e+04,-1.602200000000000000e+04,-8.590000000000000000e+03,-1.217000000000000000e+04,4.123200000000000000e+04,-7.537800000000000000e+04,-2.880800000000000000e+04,-7.292200000000000000e+04,1.113600000000000000e+04,2.904400000000000000e+04,-2.107800000000000000e+04,-1.280000000000000000e+02,9.168000000000000000e+03,-4.942000000000000000e+03,-3.952000000000000000e+03,-1.780600000000000000e+04,-1.381000000000000000e+04,-1.268800000000000000e+04,-3.237000000000000000e+04,-3.770800000000000000e+04,3.955800000000000000e+04,-8.968000000000000000e+03,2.563600000000000000e+04,1.046800000000000000e+04,-5.124400000000000000e+04,-3.061000000000000000e+04,-2.777000000000000000e+04,3.909000000000000000e+04,-2.577600000000000000e+04,1.893600000000000000e+04,-6.827600000000000000e+04,6.874600000000000000e+04,-2.954000000000000000e+03,-2.634800000000000000e+04,2.526400000000000000e+04,-4.801800000000000000e+04,3.570800000000000000e+04,-1.324000000000000000e+03,-1.419600000000000000e+04,-1.738400000000000000e+04,-8.000000000000000000e+03,-8.110000000000000000e+03,1.331000000000000000e+04,5.754000000000000000e+03,5.912800000000000000e+04,-2.014600000000000000e+04,9.020000000000000000e+02,-3.379200000000000000e+04,6.081200000000000000e+04,5.500000000000000000e+03,1.030000000000000000e+03,-3.241600000000000000e+04,-3.869600000000000000e+04,4.716000000000000000e+03,-3.382800000000000000e+04,1.269800000000000000e+04,-1.964200000000000000e+04,-9.798000000000000000e+03,-1.450400000000000000e+04,-1.018800000000000000e+04,1.997200000000000000e+04,7.940000000000000000e+02,-4.606000000000000000e+03,3.750000000000000000e+03,-2.036600000000000000e+04,7.771200000000000000e+04,-9.953800000000000000e+04,5.426400000000000000e+04,-3.583200000000000000e+04,2.063000000000000000e+04,1.152800000000000000e+04,1.529600000000000000e+04,-5.118000000000000000e+03,-5.241800000000000000e+04,1.349400000000000000e+04,1.600200000000000000e+04,-5.402800000000000000e+04,-2.095600000000000000e+04,6.670000000000000000e+03,-2.493400000000000000e+04,-7.902000000000000000e+03,-1.168600000000000000e+04,1.492000000000000000e+03,3.338800000000000000e+04,5.138600000000000000e+04,4.060600000000000000e+04,-3.698000000000000000e+03,-1.105800000000000000e+04,1.807600000000000000e+04,-9.396000000000000000e+03,-5.217800000000000000e+04,-1.261400000000000000e+04,-6.095000000000000000e+04,6.036800000000000000e+04,3.091200000000000000e+04,-1.172200000000000000e+04,1.044720000000000000e+05,-8.551000000000000000e+04,-1.036600000000000000e+04,1.601000000000000000e+04,-2.211800000000000000e+04,4.162400000000000000e+04,8.288000000000000000e+03,1.229000000000000000e+04,2.362000000000000000e+04,-1.466600000000000000e+04,2.588000000000000000e+03,2.087200000000000000e+04,3.039600000000000000e+04,-1.565600000000000000e+04,-3.460400000000000000e+04,3.584000000000000000e+03,1.517000000000000000e+04,-3.158800000000000000e+04,-1.178000000000000000e+03,-5.862600000000000000e+04,-1.929600000000000000e+04,-3.322600000000000000e+04,-1.001400000000000000e+04,3.014000000000000000e+03,-6.145200000000000000e+04,5.338000000000000000e+03,-3.182600000000000000e+04,3.252400000000000000e+04,-1.876000000000000000e+03,-1.541400000000000000e+04,-1.429600000000000000e+04,9.379600000000000000e+04,4.524200000000000000e+04,-4.134200000000000000e+04,7.321800000000000000e+04,4.100000000000000000e+03,4.358000000000000000e+03,-2.542200000000000000e+04,-9.246000000000000000e+03,-7.988800000000000000e+04,-2.423200000000000000e+04,-1.046400000000000000e+04,-3.494400000000000000e+04,1.008400000000000000e+04,3.936600000000000000e+04,-1.329800000000000000e+04,-3.381000000000000000e+04,1.004400000000000000e+04,-1.746000000000000000e+03,1.337800000000000000e+04,4.425400000000000000e+04,1.861400000000000000e+04,1.741200000000000000e+04,-2.305200000000000000e+04,-3.300800000000000000e+04,1.431800000000000000e+04,-3.347400000000000000e+04,5.204000000000000000e+03,-3.164800000000000000e+04,5.790000000000000000e+04,-6.594600000000000000e+04,-3.272600000000000000e+04,4.441200000000000000e+04,8.080000000000000000e+02,1.019340000000000000e+05,-9.668800000000000000e+04,5.887400000000000000e+04,-1.348400000000000000e+04,-4.090600000000000000e+04,-5.836400000000000000e+04,-1.611600000000000000e+04,-4.256200000000000000e+04,-1.885400000000000000e+04,-6.678000000000000000e+04,2.370600000000000000e+04,-6.754600000000000000e+04,-5.188000000000000000e+03,2.155600000000000000e+04,2.478000000000000000e+04,5.142800000000000000e+04,2.849600000000000000e+04,1.081200000000000000e+04,1.878400000000000000e+04,-1.789400000000000000e+04,-8.826000000000000000e+03,2.589800000000000000e+04,-2.911000000000000000e+04,-5.326000000000000000e+03,2.249400000000000000e+04,-4.352000000000000000e+03,4.928000000000000000e+04,6.966400000000000000e+04,-4.043200000000000000e+04,-3.468200000000000000e+04,-8.124000000000000000e+03,1.443600000000000000e+04,9.700000000000000000e+02,2.100600000000000000e+04,-2.486800000000000000e+04,2.572000000000000000e+04,1.011800000000000000e+04,-2.828000000000000000e+04,1.605600000000000000e+04,-5.220000000000000000e+02,-3.542400000000000000e+04,-2.686000000000000000e+03,-1.276600000000000000e+04,4.922800000000000000e+04,2.171400000000000000e+04,2.403800000000000000e+04,-5.895200000000000000e+04,2.036400000000000000e+04,-1.439800000000000000e+04,3.681200000000000000e+04,5.038600000000000000e+04,1.619800000000000000e+04,7.291600000000000000e+04,6.979400000000000000e+04,-9.481200000000000000e+04,4.670200000000000000e+04,4.688000000000000000e+03,1.126000000000000000e+04,-3.754600000000000000e+04,-4.333800000000000000e+04,-2.382400000000000000e+04,-2.974600000000000000e+04,2.239600000000000000e+04,-9.002000000000000000e+03,9.094000000000000000e+03,-2.290800000000000000e+04,-1.399400000000000000e+04,2.613800000000000000e+04,-1.269400000000000000e+04,-3.577000000000000000e+04,6.974800000000000000e+04,-8.297000000000000000e+04,7.980600000000000000e+04,3.466000000000000000e+04,1.200600000000000000e+04,-6.812000000000000000e+03,1.801000000000000000e+04,7.442000000000000000e+03,7.554000000000000000e+04,1.276000000000000000e+04,-3.790400000000000000e+04,-1.397400000000000000e+04,-1.191200000000000000e+04,-1.218000000000000000e+03,7.057200000000000000e+04,4.076000000000000000e+03,-2.215200000000000000e+04,5.327800000000000000e+04,-4.819000000000000000e+04,-1.387000000000000000e+04,3.762600000000000000e+04,-6.796000000000000000e+04,3.360000000000000000e+02,-3.410600000000000000e+04,6.248000000000000000e+03,-4.299000000000000000e+04,1.655000000000000000e+04,-5.623400000000000000e+04,-3.109000000000000000e+04,2.242200000000000000e+04,-1.944800000000000000e+04,1.201520000000000000e+05,6.441800000000000000e+04,-2.464000000000000000e+04,-2.122600000000000000e+04,4.535800000000000000e+04,-2.613000000000000000e+04,-1.967800000000000000e+04,-4.358000000000000000e+03,-1.316000000000000000e+04,-7.900000000000000000e+02,-1.585600000000000000e+04,-1.852400000000000000e+04,-6.132000000000000000e+03,3.848000000000000000e+03,-9.042000000000000000e+03,-1.653000000000000000e+04,1.052400000000000000e+04,-1.325600000000000000e+04,4.618200000000000000e+04,-3.818000000000000000e+03,2.428200000000000000e+04,1.241800000000000000e+04,6.847000000000000000e+04,3.238600000000000000e+04,4.329000000000000000e+04,8.646000000000000000e+03,-4.645400000000000000e+04,-3.234000000000000000e+04,-3.674600000000000000e+04,5.608000000000000000e+03,2.610000000000000000e+04,-8.350400000000000000e+04,-3.212000000000000000e+03,2.481400000000000000e+04,-1.065400000000000000e+04,-6.759600000000000000e+04,1.630000000000000000e+03,-3.680000000000000000e+03,4.099800000000000000e+04,4.453800000000000000e+04,-4.719000000000000000e+04,-2.596000000000000000e+04,-1.043000000000000000e+04,7.174000000000000000e+03,-5.249800000000000000e+04,2.621200000000000000e+04,-1.697000000000000000e+04,5.106000000000000000e+04,6.228000000000000000e+03,7.416000000000000000e+03,-1.961000000000000000e+04,-5.592400000000000000e+04,2.070000000000000000e+03,5.008000000000000000e+03,1.513800000000000000e+04,2.336800000000000000e+04,4.321200000000000000e+04,-6.920200000000000000e+04,-5.034200000000000000e+04,1.490360000000000000e+05,-3.200200000000000000e+04,5.908800000000000000e+04,2.663800000000000000e+04,9.817400000000000000e+04,8.476800000000000000e+04,-1.121100000000000000e+05,-3.622000000000000000e+04,2.813600000000000000e+04,2.166000000000000000e+03,1.901600000000000000e+04,-8.304000000000000000e+03,-2.335200000000000000e+04,2.082800000000000000e+04,7.922000000000000000e+03,-8.521800000000000000e+04,-2.185200000000000000e+04,7.410000000000000000e+03,-9.945400000000000000e+04,-1.273400000000000000e+04,1.982600000000000000e+04,-3.488200000000000000e+04,2.312000000000000000e+03,-3.345800000000000000e+04,2.319400000000000000e+04,1.357800000000000000e+04,-1.959800000000000000e+04,1.513400000000000000e+04,2.939800000000000000e+04,1.475000000000000000e+04,-3.355600000000000000e+04,-4.144600000000000000e+04,5.694400000000000000e+04,2.383200000000000000e+04,-4.418600000000000000e+04,1.033680000000000000e+05,6.692000000000000000e+03,4.753600000000000000e+04,-2.397800000000000000e+04,-4.576000000000000000e+03,-1.288000000000000000e+03,-1.182200000000000000e+04,-1.667200000000000000e+04,-6.648000000000000000e+03,-2.555400000000000000e+04,3.330000000000000000e+03,-2.046600000000000000e+04,3.099000000000000000e+04,6.060000000000000000e+03,-1.329540000000000000e+05,3.365400000000000000e+04,-5.140000000000000000e+03,2.344800000000000000e+04,-2.445400000000000000e+04,7.648600000000000000e+04,9.476000000000000000e+03,1.333200000000000000e+04,6.746000000000000000e+03,1.035400000000000000e+04,6.631000000000000000e+04,5.931400000000000000e+04,2.914800000000000000e+04,5.308000000000000000e+03,-5.209400000000000000e+04,1.658600000000000000e+04,5.052000000000000000e+03,2.578000000000000000e+04,-2.262200000000000000e+04,4.121400000000000000e+04,5.437800000000000000e+04,4.738200000000000000e+04,2.748600000000000000e+04,-1.470600000000000000e+04,-2.019200000000000000e+04,-2.849400000000000000e+04,6.736000000000000000e+04,-3.778400000000000000e+04,7.270400000000000000e+04,-4.778200000000000000e+04,-1.149600000000000000e+04,-5.000000000000000000e+03,-8.754000000000000000e+03,-4.142000000000000000e+03,-4.197600000000000000e+04,4.402200000000000000e+04,6.912000000000000000e+03,5.134000000000000000e+03,3.799000000000000000e+04,6.324000000000000000e+03,1.660000000000000000e+04,-3.458200000000000000e+04,-6.942000000000000000e+03,-1.118080000000000000e+05,1.278800000000000000e+04,7.221600000000000000e+04,2.982400000000000000e+04,7.874000000000000000e+03,2.408200000000000000e+04,-4.780800000000000000e+04,-2.574400000000000000e+04,1.797400000000000000e+04,-1.639600000000000000e+04,3.423200000000000000e+04,3.178200000000000000e+04,-1.402000000000000000e+04,-1.420800000000000000e+04,-5.451200000000000000e+04,2.070600000000000000e+04,-2.015000000000000000e+04,-6.694000000000000000e+03,-4.184000000000000000e+03,-9.474000000000000000e+03,-1.090820000000000000e+05,-1.858400000000000000e+04,-5.686600000000000000e+04,-4.694000000000000000e+03,2.261400000000000000e+04,-6.262000000000000000e+03,-2.207400000000000000e+04,1.534400000000000000e+04,4.116200000000000000e+04,-2.797600000000000000e+04,2.406000000000000000e+03,-3.180000000000000000e+02,2.230000000000000000e+03,2.414600000000000000e+04,4.228600000000000000e+04,-3.385200000000000000e+04,3.823800000000000000e+04,5.112400000000000000e+04,-4.903400000000000000e+04,-3.627800000000000000e+04,-1.338600000000000000e+04,6.330000000000000000e+04,7.972000000000000000e+03,-4.649800000000000000e+04,4.870000000000000000e+04,2.954000000000000000e+03,3.069000000000000000e+04,-5.092400000000000000e+04,-1.344000000000000000e+03,-4.596200000000000000e+04,-1.809200000000000000e+04,-2.219600000000000000e+04,1.174000000000000000e+04,5.475400000000000000e+04,3.728000000000000000e+04,9.530000000000000000e+03,-1.301200000000000000e+04,-3.352200000000000000e+04,-6.074000000000000000e+03,-2.660200000000000000e+04,-7.247600000000000000e+04,-4.549600000000000000e+04,7.168000000000000000e+03,5.732000000000000000e+03,-2.357200000000000000e+04,-3.245400000000000000e+04,-6.333200000000000000e+04,4.408000000000000000e+03,-3.691800000000000000e+04,2.525200000000000000e+04,-2.617800000000000000e+04,2.787800000000000000e+04,1.529000000000000000e+04,2.131800000000000000e+04,-1.315600000000000000e+04,-2.016800000000000000e+04,1.564400000000000000e+04,6.634800000000000000e+04,7.816000000000000000e+03,1.213600000000000000e+04,-7.340000000000000000e+02,4.756000000000000000e+03,-1.374200000000000000e+04,8.560400000000000000e+04,-4.193400000000000000e+04,3.405000000000000000e+04,1.495200000000000000e+04,-3.084800000000000000e+04,-7.088000000000000000e+04,-2.112000000000000000e+03,1.469600000000000000e+04,1.825400000000000000e+04,8.326000000000000000e+03,4.759800000000000000e+04,-1.581200000000000000e+04,-4.007400000000000000e+04,1.951400000000000000e+04,5.975600000000000000e+04,-4.158800000000000000e+04,-2.116000000000000000e+03,-1.446400000000000000e+04,5.193200000000000000e+04,-1.205600000000000000e+04,-2.377400000000000000e+04,1.169000000000000000e+04,-3.890800000000000000e+04,2.339600000000000000e+04,-1.131800000000000000e+04,-3.478400000000000000e+04,-6.740000000000000000e+03,-5.303400000000000000e+04,1.265400000000000000e+04,4.666000000000000000e+03,1.018800000000000000e+04,-2.981600000000000000e+04,-8.806000000000000000e+03,-1.711600000000000000e+04,2.089600000000000000e+04,1.776200000000000000e+04,2.928400000000000000e+04,-3.247000000000000000e+04,-6.612000000000000000e+03,2.907800000000000000e+04,9.760000000000000000e+02,-2.989000000000000000e+04,-9.776000000000000000e+03,-1.823800000000000000e+04,5.792000000000000000e+04,-9.920000000000000000e+03,2.590600000000000000e+04,2.219000000000000000e+04,-1.354000000000000000e+04,2.935600000000000000e+04,-2.579200000000000000e+04,4.969000000000000000e+04,-2.972000000000000000e+03,-1.746000000000000000e+04,1.734600000000000000e+04,7.276000000000000000e+03,2.618000000000000000e+04,-1.843600000000000000e+04,-1.492600000000000000e+04,4.941600000000000000e+04,-1.798400000000000000e+04,-1.302260000000000000e+05,-4.417200000000000000e+04,-2.459400000000000000e+04,-4.586800000000000000e+04,1.122800000000000000e+04,4.198600000000000000e+04,6.364400000000000000e+04,-1.510800000000000000e+04,7.140000000000000000e+03,-4.986000000000000000e+03,2.789000000000000000e+04,4.830000000000000000e+03,1.327800000000000000e+04,4.026000000000000000e+03,2.190000000000000000e+03,-2.128000000000000000e+03,-4.100000000000000000e+02,-1.342000000000000000e+03,4.080000000000000000e+03,-1.157400000000000000e+04,4.900000000000000000e+03,6.551000000000000000e+04,-6.758000000000000000e+03,-1.660000000000000000e+02,-3.112800000000000000e+04,2.976600000000000000e+04,1.998800000000000000e+04,-6.183600000000000000e+04,-6.950000000000000000e+03,-6.536000000000000000e+03,-4.018800000000000000e+04,-2.587000000000000000e+04,-1.457400000000000000e+04,2.264200000000000000e+04,-2.288800000000000000e+04,-1.138600000000000000e+04,-1.479000000000000000e+04,1.186000000000000000e+03,1.056000000000000000e+04,4.552000000000000000e+04,2.457200000000000000e+04,2.441800000000000000e+04,-6.223200000000000000e+04,7.720000000000000000e+02,9.072000000000000000e+03,-2.252600000000000000e+04,-9.620000000000000000e+02,-2.443600000000000000e+04,-1.924600000000000000e+04,-4.049800000000000000e+04,5.372000000000000000e+03,-5.943600000000000000e+04,-1.633400000000000000e+04,-4.307000000000000000e+04,-1.187600000000000000e+04,5.458600000000000000e+04,1.179480000000000000e+05,6.069000000000000000e+04,1.804000000000000000e+03,-1.412000000000000000e+04,4.992000000000000000e+03,-3.334200000000000000e+04,3.834600000000000000e+04,-1.256000000000000000e+03,6.453800000000000000e+04,2.041400000000000000e+04,8.521600000000000000e+04,3.701200000000000000e+04,1.388600000000000000e+04,-1.615400000000000000e+04,-2.373400000000000000e+04,-3.232000000000000000e+04,4.266000000000000000e+03,3.221400000000000000e+04,-2.574000000000000000e+03,1.375600000000000000e+04,1.980600000000000000e+04,-9.110000000000000000e+03,-1.504000000000000000e+03,1.122480000000000000e+05,2.578400000000000000e+04,6.056400000000000000e+04,-2.491400000000000000e+04,4.491800000000000000e+04,-4.024800000000000000e+04,-6.917000000000000000e+04,5.262800000000000000e+04,3.503400000000000000e+04,1.793200000000000000e+04,2.553800000000000000e+04,-3.368600000000000000e+04,-2.202200000000000000e+04,2.498000000000000000e+04,4.820000000000000000e+02,5.800000000000000000e+01,1.647000000000000000e+04,-1.319800000000000000e+04,-2.250000000000000000e+03,4.067200000000000000e+04,-2.616000000000000000e+04,9.300000000000000000e+02,-3.139000000000000000e+04,-8.632000000000000000e+03,-3.151200000000000000e+04,2.141400000000000000e+04,4.916200000000000000e+04,1.816000000000000000e+03,-8.866000000000000000e+03,-1.304000000000000000e+04,5.008000000000000000e+03,4.493200000000000000e+04,2.111200000000000000e+04,-3.960000000000000000e+03,-3.000400000000000000e+04,4.288000000000000000e+03,-2.895000000000000000e+04,1.017600000000000000e+04,4.178000000000000000e+03,-1.850000000000000000e+03,-9.485800000000000000e+04,-2.985000000000000000e+04,-3.961000000000000000e+04,8.380000000000000000e+03,6.924000000000000000e+03,4.850000000000000000e+03,2.781600000000000000e+04,-5.777000000000000000e+04,-3.330000000000000000e+03,-4.513800000000000000e+04,2.206800000000000000e+04,7.034400000000000000e+04,-5.275000000000000000e+04,-1.027120000000000000e+05,1.162000000000000000e+03,2.393800000000000000e+04,-4.187200000000000000e+04,8.300000000000000000e+02,5.259000000000000000e+04,1.907400000000000000e+04,-2.793800000000000000e+04,2.177200000000000000e+04,2.411000000000000000e+04,2.925000000000000000e+04,-7.222000000000000000e+03,-3.680600000000000000e+04,-1.364600000000000000e+04,-4.831800000000000000e+04,3.608000000000000000e+04,2.216600000000000000e+04,-5.861600000000000000e+04,-7.611800000000000000e+04,3.331000000000000000e+04,-5.596200000000000000e+04,7.570000000000000000e+03,2.396400000000000000e+04,6.362800000000000000e+04,-3.349800000000000000e+04,-4.293800000000000000e+04,1.937400000000000000e+04,2.164000000000000000e+03,3.993800000000000000e+04,7.168000000000000000e+03,3.085000000000000000e+04,-5.926200000000000000e+04,5.417000000000000000e+04,-1.675200000000000000e+04,-5.727800000000000000e+04,5.990200000000000000e+04,7.971200000000000000e+04,-1.104400000000000000e+04,2.094400000000000000e+04,1.178000000000000000e+03,-5.620000000000000000e+04,2.301600000000000000e+04,-9.908000000000000000e+03,-2.230600000000000000e+04,-9.015000000000000000e+04,9.837200000000000000e+04,-1.457000000000000000e+04,5.320000000000000000e+02,-5.843800000000000000e+04,-6.858000000000000000e+03,3.532200000000000000e+04,-2.844800000000000000e+04,-2.874800000000000000e+04,-1.452800000000000000e+04,1.141760000000000000e+05,-2.680000000000000000e+04,-1.306000000000000000e+03,3.568800000000000000e+04,-3.362000000000000000e+03,1.245400000000000000e+05,-2.210000000000000000e+03,2.938200000000000000e+04,-5.308000000000000000e+04,4.916000000000000000e+03,4.039600000000000000e+04,6.503000000000000000e+04,2.328600000000000000e+04,-2.532400000000000000e+04,3.805600000000000000e+04,-3.308000000000000000e+03,4.341000000000000000e+04,3.120000000000000000e+03,7.382400000000000000e+04,8.455000000000000000e+04,4.388600000000000000e+04,1.744400000000000000e+04,4.551200000000000000e+04,7.552200000000000000e+04,4.426600000000000000e+04,6.021000000000000000e+04,3.474600000000000000e+04,4.764000000000000000e+04,1.941600000000000000e+04,1.710000000000000000e+04,-8.032000000000000000e+03,5.068400000000000000e+04,2.774400000000000000e+04,3.365800000000000000e+04,-4.592000000000000000e+03,-4.406600000000000000e+04,3.101000000000000000e+04,2.779600000000000000e+04,1.157000000000000000e+04,3.178600000000000000e+04,9.908200000000000000e+04,-5.494600000000000000e+04,-2.332000000000000000e+04,-4.864000000000000000e+03,3.691200000000000000e+04,1.374400000000000000e+04,9.540000000000000000e+02,7.083400000000000000e+04,-5.745000000000000000e+04,-8.828000000000000000e+03,-3.936000000000000000e+04,-1.648000000000000000e+03,2.528200000000000000e+04,1.321600000000000000e+04,9.866000000000000000e+03,-8.690000000000000000e+03,-3.490000000000000000e+04,2.283400000000000000e+04,1.400600000000000000e+04,-6.556000000000000000e+03,-3.039800000000000000e+04,0.000000000000000000e+00,4.404600000000000000e+04,5.372200000000000000e+04,-8.358000000000000000e+03,-3.404800000000000000e+04,-5.120000000000000000e+04,-6.979800000000000000e+04,-4.075800000000000000e+04,6.523600000000000000e+04,1.311400000000000000e+04,4.312800000000000000e+04,3.053800000000000000e+04,2.695600000000000000e+04,-2.406600000000000000e+04,2.161200000000000000e+04,-4.443800000000000000e+04,3.332600000000000000e+04,4.753200000000000000e+04,-4.402000000000000000e+03,-2.064000000000000000e+04,4.536000000000000000e+03,2.972000000000000000e+04,2.593400000000000000e+04,-6.638000000000000000e+03,-6.520000000000000000e+03,-2.685200000000000000e+04,1.009600000000000000e+04,6.675600000000000000e+04,-9.240000000000000000e+02,7.786000000000000000e+04,-8.440000000000000000e+03,4.864000000000000000e+04,4.292800000000000000e+04,-2.184000000000000000e+04,-2.738800000000000000e+04,-2.343600000000000000e+04,-6.434000000000000000e+04,-1.286600000000000000e+04,3.597600000000000000e+04,9.386000000000000000e+03,-4.678000000000000000e+03,2.068000000000000000e+03,1.946800000000000000e+04,7.238200000000000000e+04,5.894200000000000000e+04,-1.787360000000000000e+05,-6.085200000000000000e+04,7.072400000000000000e+04,-7.659200000000000000e+04,-7.718800000000000000e+04,-2.038800000000000000e+04,-1.086000000000000000e+03,-1.088600000000000000e+04,-6.004000000000000000e+03,-7.510000000000000000e+03,6.175600000000000000e+04,5.342200000000000000e+04,-2.701000000000000000e+04,-1.904200000000000000e+04,3.610000000000000000e+03,-4.457000000000000000e+04,-5.320600000000000000e+04,5.352200000000000000e+04,2.582000000000000000e+04,-5.178000000000000000e+03,-3.564000000000000000e+03,2.687400000000000000e+04,2.102000000000000000e+03,-1.444000000000000000e+03,-3.668000000000000000e+03,-2.232000000000000000e+03,-2.216400000000000000e+04,-1.698600000000000000e+04,4.229400000000000000e+04,1.722000000000000000e+03,2.410000000000000000e+03,-4.170000000000000000e+03,-1.139400000000000000e+04,4.212000000000000000e+03,-1.727800000000000000e+04,-3.103800000000000000e+04,1.631000000000000000e+04,4.348800000000000000e+04,-6.658800000000000000e+04,-7.660000000000000000e+02,-3.797800000000000000e+04,-1.853600000000000000e+04,1.698000000000000000e+03,2.799000000000000000e+04,-1.768400000000000000e+04,-1.890000000000000000e+04,-3.415400000000000000e+04,-2.460000000000000000e+03,6.060000000000000000e+02,-1.262000000000000000e+03,-3.106800000000000000e+04,-5.543000000000000000e+04,5.343800000000000000e+04,-5.200000000000000000e+02,-6.569600000000000000e+04,4.259600000000000000e+04,-5.396200000000000000e+04,3.839200000000000000e+04,-5.811200000000000000e+04,2.696200000000000000e+04,-3.739400000000000000e+04,-6.578000000000000000e+04,-3.231200000000000000e+04,-6.626000000000000000e+03,-4.634000000000000000e+03,6.581400000000000000e+04,1.265800000000000000e+04,-2.185200000000000000e+04,-3.173000000000000000e+04,-3.955400000000000000e+04,-5.303400000000000000e+04,-3.940200000000000000e+04,2.633400000000000000e+04,-4.339800000000000000e+04,-2.732000000000000000e+03,9.870000000000000000e+03,-7.620000000000000000e+03,1.967800000000000000e+04,-3.942000000000000000e+03,2.730000000000000000e+03,4.895000000000000000e+04,8.876000000000000000e+03,2.040400000000000000e+04,1.575400000000000000e+04,1.410200000000000000e+04,-2.291600000000000000e+04,-2.841200000000000000e+04,3.539400000000000000e+04,-3.949600000000000000e+04,-3.741600000000000000e+04,1.239000000000000000e+04,-3.891800000000000000e+04,4.764800000000000000e+04,2.400000000000000000e+02,2.576400000000000000e+04,1.109000000000000000e+04,6.308000000000000000e+03,-4.339000000000000000e+04,-2.693000000000000000e+04,2.075600000000000000e+04,1.491200000000000000e+04,2.292400000000000000e+04,1.698200000000000000e+04,7.378000000000000000e+03,3.074000000000000000e+04,6.431600000000000000e+04,2.290000000000000000e+03,-3.405600000000000000e+04,4.675400000000000000e+04,8.115000000000000000e+04,-2.688000000000000000e+04,7.878000000000000000e+04,1.512000000000000000e+03,1.313200000000000000e+04,6.010000000000000000e+04,5.933400000000000000e+04,-2.412400000000000000e+04,1.116000000000000000e+03,7.942000000000000000e+03,-1.500000000000000000e+04,4.356600000000000000e+04,5.365200000000000000e+04,5.136000000000000000e+04,-3.841000000000000000e+04,1.200200000000000000e+04,2.494400000000000000e+04,-3.626600000000000000e+04,1.083400000000000000e+04,6.074000000000000000e+03,3.689200000000000000e+04,3.534000000000000000e+03,-1.782200000000000000e+04,-2.034400000000000000e+04,-7.194000000000000000e+03,2.357800000000000000e+04,-2.032600000000000000e+04,-1.502200000000000000e+04,-5.304000000000000000e+03,-1.989200000000000000e+04,-3.002000000000000000e+04,3.182800000000000000e+04,2.755400000000000000e+04,6.600400000000000000e+04,-5.743000000000000000e+04,-3.231200000000000000e+04,3.744800000000000000e+04,8.042000000000000000e+04,3.983800000000000000e+04,-1.687000000000000000e+04,-2.444200000000000000e+04,-1.845400000000000000e+04,3.372400000000000000e+04,2.751200000000000000e+04,-1.853800000000000000e+04,-1.703800000000000000e+04,-4.656000000000000000e+03,2.320200000000000000e+04,-2.730800000000000000e+04,-3.886800000000000000e+04,-2.862600000000000000e+04,-8.784000000000000000e+03,5.482200000000000000e+04,3.756000000000000000e+04,6.747400000000000000e+04,1.164000000000000000e+04,-9.607800000000000000e+04,2.011000000000000000e+04,6.846600000000000000e+04,3.672000000000000000e+03,-1.396760000000000000e+05,-2.714800000000000000e+04,3.428200000000000000e+04,-5.186000000000000000e+03,-2.314000000000000000e+03,4.617200000000000000e+04,-5.380000000000000000e+02,-2.178800000000000000e+04,-6.370600000000000000e+04,7.912000000000000000e+03,-1.121400000000000000e+04,2.016200000000000000e+04,-8.272000000000000000e+03,-3.160400000000000000e+04,2.226000000000000000e+03,-1.123600000000000000e+05,-2.199800000000000000e+04,-1.360000000000000000e+02,-1.457600000000000000e+04,-2.915600000000000000e+04,1.084200000000000000e+04,-3.713400000000000000e+04,-2.046600000000000000e+04,-1.382800000000000000e+04,-3.238200000000000000e+04,1.848400000000000000e+04,4.243000000000000000e+04,-7.132800000000000000e+04,1.143760000000000000e+05,-2.060400000000000000e+04,-2.609800000000000000e+04,7.510000000000000000e+03,-3.689000000000000000e+04,7.884000000000000000e+03,5.053000000000000000e+04,9.328000000000000000e+03,-1.794600000000000000e+04,-6.635000000000000000e+04,2.830000000000000000e+03,1.464000000000000000e+04,-6.660000000000000000e+02,6.256800000000000000e+04,-4.165400000000000000e+04,-1.492200000000000000e+04,-2.341800000000000000e+04,3.336800000000000000e+04,-1.528000000000000000e+04,1.556400000000000000e+04,-1.002000000000000000e+03,-2.054400000000000000e+04,-6.748800000000000000e+04,-8.186000000000000000e+04,4.045800000000000000e+04,3.816000000000000000e+03,3.562600000000000000e+04,2.305600000000000000e+04,-3.520000000000000000e+04,1.339800000000000000e+04,-1.731000000000000000e+04,6.838000000000000000e+03,8.032000000000000000e+03,-2.187000000000000000e+04,-4.531000000000000000e+04,-4.459400000000000000e+04,3.821200000000000000e+04,8.189200000000000000e+04,-1.720000000000000000e+04,-2.059200000000000000e+04,-1.556800000000000000e+04,-4.267200000000000000e+04,-9.974200000000000000e+04,-9.365800000000000000e+04,-5.321200000000000000e+04,-8.454000000000000000e+04,-9.108000000000000000e+03,4.756600000000000000e+04,-4.694000000000000000e+03,2.162000000000000000e+03,-4.055600000000000000e+04,6.264000000000000000e+03,-3.190000000000000000e+03,4.672000000000000000e+04,6.396000000000000000e+03,4.976000000000000000e+03,-1.658600000000000000e+04,-9.842000000000000000e+03,2.546400000000000000e+04,7.872600000000000000e+04,1.565200000000000000e+04,-2.120800000000000000e+04,-2.268000000000000000e+03,-7.748000000000000000e+03,-2.223200000000000000e+04,-5.132600000000000000e+04,7.138000000000000000e+03,-1.972600000000000000e+04,-1.308000000000000000e+03,-2.558000000000000000e+04,-5.660000000000000000e+02,4.378800000000000000e+04,-4.363600000000000000e+04,2.511400000000000000e+04,1.072000000000000000e+04,4.375800000000000000e+04,4.730000000000000000e+03,-1.562400000000000000e+04,1.511600000000000000e+04,-3.461600000000000000e+04,2.128240000000000000e+05,-3.862000000000000000e+04,-4.517400000000000000e+04,1.787000000000000000e+04,-9.074600000000000000e+04,-1.347980000000000000e+05,8.583600000000000000e+04,-7.270000000000000000e+03,5.830000000000000000e+03,-1.125000000000000000e+04,-1.074400000000000000e+04,2.840000000000000000e+02,2.326800000000000000e+04,2.105000000000000000e+04,-5.174600000000000000e+04,-3.561000000000000000e+04,-5.088800000000000000e+04,7.904600000000000000e+04,7.820000000000000000e+02,5.192000000000000000e+03,9.216000000000000000e+03,1.204200000000000000e+04,-9.268600000000000000e+04,3.847600000000000000e+04,4.354800000000000000e+04,-1.138800000000000000e+04,1.093600000000000000e+04,-9.688000000000000000e+03,-8.827800000000000000e+04,4.842800000000000000e+04,2.867400000000000000e+04,1.361600000000000000e+04,3.543800000000000000e+04,-4.376200000000000000e+04,1.220200000000000000e+04,6.336000000000000000e+03,5.554000000000000000e+03,4.036000000000000000e+03,-5.052000000000000000e+03,2.233800000000000000e+04,1.009780000000000000e+05,2.564600000000000000e+04,1.441000000000000000e+04,-1.339000000000000000e+04,9.810000000000000000e+03,2.202400000000000000e+04,1.642200000000000000e+04,-5.008600000000000000e+04,-1.968000000000000000e+03,-1.801400000000000000e+04,-3.792800000000000000e+04,-6.383200000000000000e+04,2.928000000000000000e+03,4.122000000000000000e+03,-1.736200000000000000e+04,1.746800000000000000e+04,2.059400000000000000e+04,3.396000000000000000e+03,6.020800000000000000e+04,6.352800000000000000e+04,-4.706400000000000000e+04,6.934600000000000000e+04,-1.478400000000000000e+04,-7.564200000000000000e+04,-2.122800000000000000e+04,-7.073400000000000000e+04,3.009400000000000000e+04,-7.304000000000000000e+03,-3.964000000000000000e+04,-1.780000000000000000e+02,4.660800000000000000e+04,-4.165600000000000000e+04,-3.796600000000000000e+04,-6.546800000000000000e+04,3.444000000000000000e+04,-2.698400000000000000e+04,2.728000000000000000e+03,4.540000000000000000e+02,-2.873800000000000000e+04,5.123200000000000000e+04,1.631800000000000000e+04,-2.672800000000000000e+04,4.292400000000000000e+04,2.228000000000000000e+03,-1.546200000000000000e+04,6.158000000000000000e+04,2.106000000000000000e+03,1.485200000000000000e+04,-2.060200000000000000e+04,5.356400000000000000e+04,-9.594000000000000000e+03,4.425800000000000000e+04,3.427200000000000000e+04,1.365400000000000000e+04,2.976000000000000000e+04,2.116000000000000000e+03,4.333800000000000000e+04,-6.692600000000000000e+04,2.676000000000000000e+04,-1.371200000000000000e+04,9.762000000000000000e+03,-1.779400000000000000e+04,1.030600000000000000e+04,-8.042000000000000000e+03,-1.568200000000000000e+04,-4.984200000000000000e+04,-2.930000000000000000e+04,3.646400000000000000e+04,-2.442400000000000000e+04,-1.201400000000000000e+04,-8.256000000000000000e+04,-1.500200000000000000e+04,1.383400000000000000e+04,2.341400000000000000e+04,-5.866000000000000000e+04,1.662200000000000000e+04,-2.381600000000000000e+04,-4.073600000000000000e+04,1.374000000000000000e+04,1.757400000000000000e+04,-1.991400000000000000e+04,-4.837800000000000000e+04,-8.422000000000000000e+03,-2.035800000000000000e+04,3.085000000000000000e+04,3.492600000000000000e+04,1.330200000000000000e+04,9.854000000000000000e+03,5.890600000000000000e+04,4.401800000000000000e+04,-3.284400000000000000e+04,4.614000000000000000e+03,3.784000000000000000e+03,-1.288000000000000000e+04,-6.206000000000000000e+04,-3.543200000000000000e+04,2.662400000000000000e+04,9.740000000000000000e+03,-9.948000000000000000e+03,-1.211200000000000000e+04,4.416800000000000000e+04,4.900200000000000000e+04,-6.343400000000000000e+04,4.446800000000000000e+04,-5.837800000000000000e+04,-2.753200000000000000e+04,2.264600000000000000e+04,1.146000000000000000e+03,-3.546000000000000000e+03,6.451200000000000000e+04,2.708200000000000000e+04,1.340860000000000000e+05,3.955200000000000000e+04,-2.879200000000000000e+04,-2.691000000000000000e+04,1.517000000000000000e+04,1.933000000000000000e+04,3.051800000000000000e+04,-7.832000000000000000e+03,3.827200000000000000e+04,2.230600000000000000e+04,7.466800000000000000e+04,-9.753200000000000000e+04,9.270000000000000000e+03,7.680000000000000000e+03,2.365400000000000000e+04,3.416400000000000000e+04,3.986000000000000000e+04,-9.244000000000000000e+03,-1.965400000000000000e+04,7.530000000000000000e+03,5.280400000000000000e+04,-3.247400000000000000e+04,2.766000000000000000e+04,-9.402000000000000000e+03,-3.280000000000000000e+03,-2.121600000000000000e+04,-1.774600000000000000e+04,4.338000000000000000e+04,-7.942000000000000000e+03,-3.906000000000000000e+03,7.608000000000000000e+03,3.287200000000000000e+04,7.052000000000000000e+03,-5.400000000000000000e+01,-9.256000000000000000e+03,-5.652800000000000000e+04,5.458600000000000000e+04,-1.811000000000000000e+04,-3.043200000000000000e+04,-6.464400000000000000e+04,-2.289200000000000000e+04,-2.892000000000000000e+04,-2.611800000000000000e+04,1.806000000000000000e+03,-2.166200000000000000e+04,-5.400000000000000000e+03,1.181400000000000000e+04,-3.016800000000000000e+04,-2.261400000000000000e+04,2.376000000000000000e+04,1.280000000000000000e+02,-3.228800000000000000e+04,-5.573800000000000000e+04,3.523400000000000000e+04,-1.329000000000000000e+04,3.362200000000000000e+04,3.527600000000000000e+04,3.604600000000000000e+04,1.768800000000000000e+04,5.677000000000000000e+04,-1.961000000000000000e+04,2.295400000000000000e+04,-1.269800000000000000e+04,1.573400000000000000e+04,3.731000000000000000e+04,7.077000000000000000e+04,8.988000000000000000e+03,-1.586800000000000000e+04,-3.220000000000000000e+03,-1.602200000000000000e+04,-2.914000000000000000e+04,-4.412200000000000000e+04,9.674600000000000000e+04,-4.306600000000000000e+04,3.190600000000000000e+04,-5.070000000000000000e+03,-1.162600000000000000e+04,-2.215800000000000000e+04,-2.813000000000000000e+04,-1.449880000000000000e+05,-2.129600000000000000e+04,8.720000000000000000e+03,2.484400000000000000e+04,1.268000000000000000e+04,2.821800000000000000e+04,-2.284600000000000000e+04,4.795400000000000000e+04,-5.258600000000000000e+04,2.605600000000000000e+04,4.014600000000000000e+04,-3.786400000000000000e+04,-1.747400000000000000e+04,2.846600000000000000e+04,-4.280000000000000000e+04,-3.445600000000000000e+04,2.654200000000000000e+04,-6.966400000000000000e+04,-1.287040000000000000e+05,-1.685440000000000000e+05,2.840000000000000000e+03,-3.142600000000000000e+04,-6.522000000000000000e+03,2.568200000000000000e+04,7.680000000000000000e+02,-7.456000000000000000e+03,-4.126400000000000000e+04,-8.096000000000000000e+03,6.457000000000000000e+04,-4.358000000000000000e+04,-3.745800000000000000e+04,5.562000000000000000e+04,-5.893000000000000000e+04,5.205800000000000000e+04,1.865600000000000000e+04,-3.463200000000000000e+04,-2.100600000000000000e+04,-5.379200000000000000e+04,3.543800000000000000e+04,-1.717600000000000000e+04,-3.953800000000000000e+04,4.554000000000000000e+03,3.712200000000000000e+04,3.493400000000000000e+04,-1.247600000000000000e+04,-8.774000000000000000e+03,1.306000000000000000e+03,-4.876800000000000000e+04,-5.772400000000000000e+04,3.874200000000000000e+04,2.266200000000000000e+04,2.395400000000000000e+04,6.732600000000000000e+04,1.848600000000000000e+04,-4.888600000000000000e+04,-2.880800000000000000e+04,3.225000000000000000e+04,1.893000000000000000e+04,4.440000000000000000e+04,-1.803600000000000000e+04,7.392000000000000000e+03,4.467400000000000000e+04,-1.160000000000000000e+04,9.638000000000000000e+03,3.194200000000000000e+04,3.775000000000000000e+04,9.017800000000000000e+04,9.119400000000000000e+04,-6.786000000000000000e+03,3.869400000000000000e+04,-7.034000000000000000e+03,-1.806800000000000000e+04,7.648000000000000000e+03,8.824000000000000000e+03,1.548400000000000000e+04,-1.985000000000000000e+04,-1.781600000000000000e+04,2.339400000000000000e+04,-2.407600000000000000e+04,-2.083000000000000000e+04,-8.618000000000000000e+03,-5.256000000000000000e+03,1.934600000000000000e+04,2.003000000000000000e+04,7.876000000000000000e+03,1.591600000000000000e+04,-4.068800000000000000e+04,8.630000000000000000e+03,7.340000000000000000e+03,-5.032400000000000000e+04,3.472600000000000000e+04,-4.902000000000000000e+03,4.217000000000000000e+04,9.776000000000000000e+03,-3.288000000000000000e+03,-3.167200000000000000e+04,-1.822600000000000000e+04,-6.564000000000000000e+03,2.629400000000000000e+04,-7.158000000000000000e+03,-2.462400000000000000e+04,7.022000000000000000e+03,-1.535200000000000000e+04,4.462800000000000000e+04,-1.619800000000000000e+04,-1.107460000000000000e+05,-7.357400000000000000e+04,-3.338200000000000000e+04,6.527000000000000000e+04,-2.361200000000000000e+04,3.878000000000000000e+03,1.900000000000000000e+02,-2.936000000000000000e+03,6.396400000000000000e+04,2.918200000000000000e+04,6.281600000000000000e+04,-6.218600000000000000e+04,7.962400000000000000e+04,2.343000000000000000e+04,5.784000000000000000e+03,-1.273800000000000000e+04,5.044000000000000000e+03,1.725200000000000000e+04,1.369600000000000000e+04,-1.493200000000000000e+04,-5.467800000000000000e+04,-1.681800000000000000e+04,4.165600000000000000e+04,1.874000000000000000e+04,-2.466600000000000000e+04,9.780000000000000000e+02,-2.942200000000000000e+04,9.134600000000000000e+04,7.043200000000000000e+04,-7.426000000000000000e+03,8.805600000000000000e+04,7.830200000000000000e+04,2.773400000000000000e+04,2.960000000000000000e+02,4.754200000000000000e+04,2.377400000000000000e+04,-1.144820000000000000e+05,-4.515400000000000000e+04,1.589800000000000000e+04,-7.978000000000000000e+03,5.227400000000000000e+04,7.320000000000000000e+03,-2.166600000000000000e+04,2.696600000000000000e+04,1.891400000000000000e+04,-4.199800000000000000e+04,3.606200000000000000e+04,3.488600000000000000e+04,9.418400000000000000e+04,-7.720000000000000000e+03,3.636000000000000000e+03,-4.375200000000000000e+04,-6.410600000000000000e+04,7.198800000000000000e+04,-4.577400000000000000e+04,4.007600000000000000e+04,7.596000000000000000e+03,2.886000000000000000e+03,-2.511400000000000000e+04,-1.388400000000000000e+04,-7.072000000000000000e+03,-4.887600000000000000e+04,7.232400000000000000e+04,-5.746400000000000000e+04,-5.297600000000000000e+04,2.647400000000000000e+04,-6.982000000000000000e+03,-4.461600000000000000e+04,-1.519400000000000000e+04,-3.503600000000000000e+04,1.058800000000000000e+04,-4.368000000000000000e+03,-1.822600000000000000e+04,3.409800000000000000e+04,6.053000000000000000e+04,-2.128400000000000000e+04,2.740200000000000000e+04,-5.316000000000000000e+03,4.829200000000000000e+04,-1.050200000000000000e+04,-6.130000000000000000e+03,3.027400000000000000e+04,1.196000000000000000e+04,-1.682400000000000000e+04,9.224000000000000000e+03,4.721800000000000000e+04,-5.436000000000000000e+04,5.378000000000000000e+04,7.932400000000000000e+04,-6.050200000000000000e+04,4.224400000000000000e+04,4.154800000000000000e+04,-3.085000000000000000e+04,-5.211200000000000000e+04,1.773800000000000000e+04,-4.135600000000000000e+04,3.724800000000000000e+04,-4.743800000000000000e+04,-1.161000000000000000e+04,1.024600000000000000e+04,2.732400000000000000e+04,-1.244000000000000000e+04,2.688000000000000000e+04,-1.305200000000000000e+04,2.607600000000000000e+04,8.054000000000000000e+03,1.762000000000000000e+04,6.698200000000000000e+04,-4.532200000000000000e+04,2.869800000000000000e+04,8.079800000000000000e+04,4.335000000000000000e+04,7.910000000000000000e+04,-7.624800000000000000e+04,-2.722000000000000000e+04,-6.121800000000000000e+04,4.281600000000000000e+04,2.138600000000000000e+04,1.362800000000000000e+04,1.518800000000000000e+04,-3.587800000000000000e+04,3.421600000000000000e+04,4.009400000000000000e+04,-1.387400000000000000e+04,1.387400000000000000e+04,-1.142000000000000000e+04,4.094000000000000000e+03,-2.197800000000000000e+04,-1.828200000000000000e+04,-1.746600000000000000e+04,4.240800000000000000e+04,-2.014800000000000000e+04,-6.890000000000000000e+04,3.453000000000000000e+04,-2.548400000000000000e+04,-5.772000000000000000e+03,2.505600000000000000e+04,-1.796600000000000000e+04,-3.134400000000000000e+04,2.343400000000000000e+04,3.065800000000000000e+04,2.275200000000000000e+04,2.912800000000000000e+04,1.377000000000000000e+04,-3.835200000000000000e+04,-1.050240000000000000e+05,5.804000000000000000e+03,-6.846600000000000000e+04,2.876000000000000000e+04,-6.876400000000000000e+04,-2.534400000000000000e+04,6.377800000000000000e+04,-3.935200000000000000e+04,1.658200000000000000e+04,-1.542600000000000000e+04,-1.838400000000000000e+04,-2.017600000000000000e+04,3.700600000000000000e+04,-9.280000000000000000e+02,-3.753800000000000000e+04,5.020000000000000000e+02,-1.376000000000000000e+03,-1.196600000000000000e+04,1.111400000000000000e+04,3.075600000000000000e+04,-6.597200000000000000e+04,8.750000000000000000e+03,1.098000000000000000e+04,-7.251600000000000000e+04,-4.242000000000000000e+03,5.498800000000000000e+04,8.712600000000000000e+04,3.429400000000000000e+04,2.878000000000000000e+03,-2.540400000000000000e+04,-2.046000000000000000e+03,2.486000000000000000e+03,1.379980000000000000e+05,2.805400000000000000e+04,-3.818000000000000000e+04,-4.718600000000000000e+04,-5.646000000000000000e+03,-9.142800000000000000e+04,3.741000000000000000e+04,-6.260000000000000000e+02,2.260000000000000000e+02,-5.864000000000000000e+03,2.917200000000000000e+04,-3.559600000000000000e+04,2.885200000000000000e+04,3.173600000000000000e+04,4.314000000000000000e+04,4.856000000000000000e+03,1.804400000000000000e+04,-2.276600000000000000e+04,-1.240000000000000000e+03,-1.587000000000000000e+04,6.670000000000000000e+03,3.085200000000000000e+04,5.476800000000000000e+04,4.063600000000000000e+04,-1.656800000000000000e+04,3.132200000000000000e+04,2.867800000000000000e+04,-6.916000000000000000e+03,4.214000000000000000e+04,-5.972600000000000000e+04,-2.202000000000000000e+03,3.605400000000000000e+04,-3.713200000000000000e+04,7.219200000000000000e+04,5.056000000000000000e+04,-2.620800000000000000e+04,4.866000000000000000e+04,-4.735000000000000000e+04,4.220600000000000000e+04,4.556800000000000000e+04,6.657800000000000000e+04,-4.790000000000000000e+04,-8.183600000000000000e+04,1.222400000000000000e+04,1.773200000000000000e+04,2.619200000000000000e+04,3.132600000000000000e+04,8.408800000000000000e+04,2.118200000000000000e+04,-3.991600000000000000e+04,-1.132800000000000000e+04,2.027400000000000000e+04,2.584000000000000000e+03,1.612200000000000000e+04,-3.529600000000000000e+04,3.780400000000000000e+04,6.099600000000000000e+04,6.950800000000000000e+04,2.849800000000000000e+04,-3.810000000000000000e+04,-2.610800000000000000e+04,-9.118000000000000000e+03,2.976400000000000000e+04,-1.182000000000000000e+03,3.616400000000000000e+04,-6.535400000000000000e+04,-4.166200000000000000e+04,1.036000000000000000e+03,3.712600000000000000e+04,-4.259200000000000000e+04,7.984000000000000000e+03,2.797200000000000000e+04,-1.640400000000000000e+04,2.870000000000000000e+04,3.172000000000000000e+03,4.001200000000000000e+04,4.410400000000000000e+04,2.353200000000000000e+04,6.530000000000000000e+04,-2.377600000000000000e+04,-2.064600000000000000e+04,-3.160400000000000000e+04,-2.141600000000000000e+04,-1.370200000000000000e+04,-2.506400000000000000e+04,4.125800000000000000e+04,-2.546400000000000000e+04,-1.796000000000000000e+03,2.542800000000000000e+04,-7.961200000000000000e+04,1.154200000000000000e+04,-4.403000000000000000e+04,5.325800000000000000e+04,-7.250000000000000000e+03,-2.750400000000000000e+04,-1.800600000000000000e+04,-1.973000000000000000e+04,-2.296000000000000000e+03,-2.489200000000000000e+04,-2.676600000000000000e+04,7.051600000000000000e+04,-4.169800000000000000e+04,-7.632200000000000000e+04,3.863000000000000000e+04,-3.448400000000000000e+04,1.614680000000000000e+05,-4.453000000000000000e+04,2.609400000000000000e+04,-1.351400000000000000e+04,2.890400000000000000e+04,1.679400000000000000e+04,4.834000000000000000e+03,3.698000000000000000e+03,-8.941000000000000000e+04,2.803800000000000000e+04,7.080000000000000000e+03,-4.440000000000000000e+03,-1.221400000000000000e+04,-5.142000000000000000e+03,-1.363000000000000000e+04,3.187600000000000000e+04,1.296600000000000000e+04,-2.782000000000000000e+04,2.527200000000000000e+04,8.572000000000000000e+03,3.203600000000000000e+04,-3.909800000000000000e+04,2.928400000000000000e+04,2.426000000000000000e+04,3.761600000000000000e+04,2.009800000000000000e+04,-1.654400000000000000e+04,3.566200000000000000e+04,-3.744000000000000000e+04,-2.958600000000000000e+04,2.590400000000000000e+04,-1.417200000000000000e+04,-1.728400000000000000e+04,-4.092800000000000000e+04,-1.577600000000000000e+04,3.808000000000000000e+03,1.385600000000000000e+04,-8.428800000000000000e+04,3.391600000000000000e+04,2.567200000000000000e+04,-3.653400000000000000e+04,8.828000000000000000e+03,-3.453200000000000000e+04,5.620000000000000000e+02,5.318800000000000000e+04,-8.408000000000000000e+03,5.403800000000000000e+04,-1.475000000000000000e+04,-1.336000000000000000e+04,-3.010000000000000000e+04,-3.799400000000000000e+04,-2.226000000000000000e+03,2.690800000000000000e+04,-8.312000000000000000e+03,2.118200000000000000e+04,-1.091400000000000000e+04,-4.898000000000000000e+03,2.208800000000000000e+04,-6.786000000000000000e+03,1.223200000000000000e+04,-4.309800000000000000e+04,4.800000000000000000e+01,-6.874200000000000000e+04,6.084800000000000000e+04,1.891400000000000000e+04,-3.327000000000000000e+04,1.204400000000000000e+04,-5.654000000000000000e+03,-2.220000000000000000e+03,-1.242000000000000000e+03,-2.804400000000000000e+04,5.434800000000000000e+04,3.661200000000000000e+04,-1.964000000000000000e+03,-6.119400000000000000e+04,6.007400000000000000e+04,1.411200000000000000e+04,-5.261800000000000000e+04,-2.318800000000000000e+04,2.027800000000000000e+04,-1.510420000000000000e+05,-6.503600000000000000e+04,-1.669600000000000000e+04,-1.158600000000000000e+04,-2.914400000000000000e+04,-6.054000000000000000e+03,-7.607200000000000000e+04,-6.268800000000000000e+04,1.004100000000000000e+05,1.888800000000000000e+04,-1.472000000000000000e+04,-4.781400000000000000e+04,-5.972000000000000000e+03,-1.320000000000000000e+04,1.930000000000000000e+03,3.066800000000000000e+04,-2.775800000000000000e+04,1.680800000000000000e+04,5.180000000000000000e+04,-4.259200000000000000e+04,4.114800000000000000e+04,-1.307400000000000000e+04,-3.856200000000000000e+04,3.279400000000000000e+04,-2.043200000000000000e+04,-7.979000000000000000e+04,4.380000000000000000e+03,5.291400000000000000e+04,-6.094800000000000000e+04,3.557600000000000000e+04,-2.299200000000000000e+04,-3.775600000000000000e+04,-2.010200000000000000e+04,1.994800000000000000e+04,2.701600000000000000e+04,3.015000000000000000e+04,-6.647800000000000000e+04,1.136000000000000000e+03,-3.960000000000000000e+02,-1.662200000000000000e+04,2.620200000000000000e+04,1.061600000000000000e+04,-4.076600000000000000e+04,2.558800000000000000e+04,1.325000000000000000e+04,7.064000000000000000e+03,-2.664800000000000000e+04,-2.557000000000000000e+04,1.876000000000000000e+03,-5.417400000000000000e+04,-7.432000000000000000e+03,2.115400000000000000e+04,2.593200000000000000e+04,-2.506800000000000000e+04,-4.006400000000000000e+04,-2.686200000000000000e+04,1.960000000000000000e+03,1.970800000000000000e+04,1.564400000000000000e+04,6.268000000000000000e+03,-3.117000000000000000e+04,-2.563800000000000000e+04,-1.928000000000000000e+03,4.327400000000000000e+04,7.062000000000000000e+03,-4.630400000000000000e+04,-3.580000000000000000e+04,7.674000000000000000e+03,4.115200000000000000e+04,5.104000000000000000e+03,2.236000000000000000e+03,3.711000000000000000e+04,-8.189600000000000000e+04,-1.849600000000000000e+04,8.220000000000000000e+03,4.602000000000000000e+03,3.152200000000000000e+04,-1.594800000000000000e+04,-2.164400000000000000e+04,-1.628400000000000000e+04,-3.306000000000000000e+03,-2.457000000000000000e+04,1.100400000000000000e+04,-3.323200000000000000e+04,-3.941400000000000000e+04,6.416200000000000000e+04,2.610200000000000000e+04,-3.368600000000000000e+04,9.502000000000000000e+03,3.543800000000000000e+04,2.661000000000000000e+04,8.597400000000000000e+04,5.464400000000000000e+04,5.850000000000000000e+03,1.886200000000000000e+04,5.370000000000000000e+03,1.460000000000000000e+03,1.932000000000000000e+03,-1.358600000000000000e+04,6.503000000000000000e+04,-5.602400000000000000e+04,8.164000000000000000e+04,8.214000000000000000e+03,4.460000000000000000e+04,2.925200000000000000e+04,-4.142600000000000000e+04,-1.002200000000000000e+05,-1.371200000000000000e+04,-4.590800000000000000e+04,-8.164000000000000000e+04,-1.314400000000000000e+04,3.448600000000000000e+04,-3.446200000000000000e+04,1.036400000000000000e+04,3.086800000000000000e+04,2.233000000000000000e+04,3.649400000000000000e+04,-3.876400000000000000e+04,2.738000000000000000e+03,-3.652000000000000000e+03,-8.902200000000000000e+04,-5.384200000000000000e+04,-1.752400000000000000e+04,-1.501400000000000000e+04,-2.806600000000000000e+04,5.140000000000000000e+02,4.449800000000000000e+04,3.291400000000000000e+04,-3.204400000000000000e+04,9.378000000000000000e+03,3.887000000000000000e+04,-1.118400000000000000e+04,1.601200000000000000e+04,-1.194600000000000000e+04,2.005000000000000000e+04,3.564800000000000000e+04,2.919400000000000000e+04,-8.552800000000000000e+04,8.723000000000000000e+04,-7.207800000000000000e+04,-4.677600000000000000e+04,1.912000000000000000e+03,2.614200000000000000e+04,5.556000000000000000e+04,-3.572200000000000000e+04,6.811400000000000000e+04,-2.527800000000000000e+04,-2.418200000000000000e+04,-1.577600000000000000e+04,-5.952000000000000000e+03,6.581000000000000000e+04,8.200000000000000000e+01,2.352000000000000000e+04,-1.318400000000000000e+04,1.898000000000000000e+04,2.089800000000000000e+04,4.678000000000000000e+04,3.364000000000000000e+04,-2.317800000000000000e+04,-2.941000000000000000e+04,2.179200000000000000e+04,1.609800000000000000e+04,-1.784400000000000000e+04,-2.645600000000000000e+04,-6.446200000000000000e+04,1.988000000000000000e+03,3.816400000000000000e+04,-6.562000000000000000e+03,-1.460800000000000000e+04,-6.200400000000000000e+04,-3.346600000000000000e+04,5.656000000000000000e+03,-1.981400000000000000e+04,-2.157000000000000000e+04,4.582000000000000000e+03,5.422600000000000000e+04,-5.744600000000000000e+04,2.181400000000000000e+04,3.311200000000000000e+04,-1.138400000000000000e+04,-3.145400000000000000e+04,6.920000000000000000e+02,5.363800000000000000e+04,-3.464200000000000000e+04,5.844000000000000000e+04,2.035400000000000000e+04,7.245200000000000000e+04,-2.208000000000000000e+03,9.726000000000000000e+03,-1.003800000000000000e+04,3.638000000000000000e+03,-2.698600000000000000e+04,-5.242200000000000000e+04,9.824000000000000000e+03,4.996400000000000000e+04,-4.906200000000000000e+04,-3.309600000000000000e+04,-6.199200000000000000e+04,-4.378800000000000000e+04,3.129400000000000000e+04,1.995200000000000000e+04,2.588200000000000000e+04,-2.626200000000000000e+04,-1.708800000000000000e+04,3.978800000000000000e+04,-8.794000000000000000e+03,1.878600000000000000e+04,-4.397600000000000000e+04,4.142000000000000000e+03,-2.611200000000000000e+04,2.174200000000000000e+04,4.890000000000000000e+03,1.537200000000000000e+04,1.427600000000000000e+04,-1.620000000000000000e+03,-2.667400000000000000e+04,7.542600000000000000e+04,-3.708400000000000000e+04,-7.034600000000000000e+04,-1.914400000000000000e+04,5.960000000000000000e+03,-4.319000000000000000e+04,-3.610200000000000000e+04,-8.534000000000000000e+03,1.164000000000000000e+03,-5.990000000000000000e+03,6.031000000000000000e+04,-1.236200000000000000e+04,7.634400000000000000e+04,-2.518200000000000000e+04,-2.178400000000000000e+04,-1.154800000000000000e+04,-6.146000000000000000e+03,9.963000000000000000e+04,-1.851000000000000000e+04,5.203000000000000000e+04,4.060200000000000000e+04,-3.094000000000000000e+04,-4.902800000000000000e+04,5.820800000000000000e+04,-8.464000000000000000e+03,-3.088800000000000000e+04,-2.256800000000000000e+04,1.045800000000000000e+04,-1.367600000000000000e+04,2.797200000000000000e+04,-5.865600000000000000e+04,-4.726200000000000000e+04,-1.123400000000000000e+04,4.418000000000000000e+03,-1.306400000000000000e+04,-1.089800000000000000e+04,5.781400000000000000e+04,1.678600000000000000e+04,4.532000000000000000e+03,2.107800000000000000e+04,-6.835000000000000000e+04,3.673200000000000000e+04,2.205400000000000000e+04,1.348800000000000000e+04,2.070400000000000000e+04,1.124740000000000000e+05,3.725400000000000000e+04,-2.358600000000000000e+04,4.866000000000000000e+03,8.240000000000000000e+03,-3.440000000000000000e+02,-4.189800000000000000e+04,1.031440000000000000e+05,-4.090000000000000000e+04,6.015200000000000000e+04,2.562600000000000000e+04,8.680000000000000000e+03,2.392000000000000000e+03,-1.042600000000000000e+04,-2.051400000000000000e+04,-3.394400000000000000e+04,5.429400000000000000e+04,1.241000000000000000e+04,1.924000000000000000e+03,4.593200000000000000e+04,9.684000000000000000e+03,-2.585600000000000000e+04,-2.262800000000000000e+04,4.100000000000000000e+03,-3.631600000000000000e+04,-1.656000000000000000e+03,1.842800000000000000e+04,-3.639800000000000000e+04,-4.592000000000000000e+04,-4.902800000000000000e+04,1.940000000000000000e+04,-6.117400000000000000e+04,1.713800000000000000e+04,4.835000000000000000e+04,2.888000000000000000e+03,-2.554000000000000000e+04,-2.928200000000000000e+04,3.709600000000000000e+04,-2.824200000000000000e+04,2.546800000000000000e+04,4.060000000000000000e+02,-6.942400000000000000e+04,1.290200000000000000e+04,-6.866000000000000000e+03,8.718000000000000000e+03,6.321600000000000000e+04,3.127800000000000000e+04,3.004000000000000000e+03,-5.131400000000000000e+04,-1.520800000000000000e+04,-9.018000000000000000e+03,8.285200000000000000e+04,-9.476200000000000000e+04,-1.450720000000000000e+05,1.158660000000000000e+05,-5.252000000000000000e+03,-6.148200000000000000e+04,-2.744400000000000000e+04,1.684800000000000000e+04,9.020000000000000000e+02,5.471200000000000000e+04,6.970400000000000000e+04,-2.104200000000000000e+04,-2.364400000000000000e+04,-9.008000000000000000e+03,4.023000000000000000e+04,5.710000000000000000e+03,1.022000000000000000e+04,1.067400000000000000e+04,1.935000000000000000e+04,3.402000000000000000e+04,4.607200000000000000e+04,4.193800000000000000e+04,-4.525200000000000000e+04,2.645000000000000000e+04,-8.019200000000000000e+04,2.056000000000000000e+03,-1.825200000000000000e+04
